1577577600000,7315.36000000,7316.14000000,7307.91000000,7315.44000000,31.96950600,1577577659999,233748.87764803,223,5.25197900,38407.98218554,0
1577577660000,7315.47000000,7315.61000000,7311.17000000,7311.18000000,10.49737800,1577577719999,76768.85697348,147,6.47614900,47361.12634689,0
1577577720000,7312.18000000,7312.25000000,7306.53000000,7306.53000000,9.11924600,1577577779999,66663.76728577,188,3.62349300,26490.85836292,0
1577577780000,7306.60000000,7308.91000000,7304.01000000,7308.20000000,26.28935800,1577577839999,192071.46867705,211,7.27349200,53145.03249596,0
1577577840000,7307.56000000,7308.25000000,7302.99000000,7303.39000000,16.76065000,1577577899999,122427.69171034,249,10.75245900,78541.89728144,0
1577577900000,7304.66000000,7304.66000000,7292.28000000,7295.26000000,45.30435400,1577577959999,330634.39218836,541,17.00089600,124059.11163688,0
1577577960000,7295.24000000,7301.79000000,7295.24000000,7298.22000000,14.61545100,1577578019999,106663.97155469,154,7.09516600,51779.31768644,0
1577578020000,7298.54000000,7298.81000000,7293.05000000,7298.81000000,10.72641600,1577578079999,78251.49962098,160,4.60090500,33567.67936364,0
1577578080000,7298.81000000,7309.63000000,7297.78000000,7309.63000000,22.94581200,1577578139999,167565.89574384,204,17.54786500,128149.93839401,0
1577578140000,7309.70000000,7310.00000000,7306.28000000,7308.63000000,22.16117000,1577578199999,161945.17564719,176,7.09737900,51868.32701435,0
1577578200000,7308.29000000,7313.24000000,7307.21000000,7308.04000000,9.68321500,1577578259999,70782.06882427,110,5.77937600,42248.77486401,0
1577578260000,7308.04000000,7313.13000000,7307.05000000,7312.96000000,17.56054000,1577578319999,128338.15361359,118,4.90287400,35838.32856861,0
1577578320000,7312.96000000,7312.96000000,7309.29000000,7310.17000000,11.44174100,1577578379999,83656.67274661,82,3.53845700,25868.68190907,0
1577578380000,7311.90000000,7311.90000000,7310.21000000,7310.21000000,8.89549500,1577578439999,65036.10594212,83,4.38358700,32048.65827430,0
1577578440000,7311.04000000,7311.04000000,7305.25000000,7305.34000000,6.46037100,1577578499999,47212.55183486,91,2.60267200,19021.88303912,0
1577578500000,7305.32000000,7305.33000000,7303.62000000,7304.60000000,9.37810700,1577578559999,68505.49134878,90,2.74763200,20071.17553455,0
1577578560000,7304.69000000,7304.69000000,7301.60000000,7303.09000000,5.72539600,1577578619999,41811.51560734,80,2.91110400,21259.28799929,0
1577578620000,7303.09000000,7303.91000000,7301.29000000,7303.10000000,5.45884300,1577578679999,39863.14559966,59,2.91155200,21262.42766219,0
1577578680000,7303.60000000,7304.30000000,7300.23000000,7300.44000000,6.13673100,1577578739999,44811.44010649,103,4.01817700,29341.16850025,0
1577578740000,7300.46000000,7300.46000000,7296.52000000,7298.23000000,15.51694000,1577578799999,113264.29495893,115,2.07669900,15156.46710809,0
1577578800000,7300.41000000,7302.71000000,7298.45000000,7298.80000000,7.69204800,1577578859999,56156.12287474,93,4.94411500,36095.45529235,0
1577578860000,7298.80000000,7300.68000000,7292.28000000,7292.41000000,9.68985800,1577578919999,70695.73151483,206,4.30125000,31383.32031138,0
1577578920000,7293.03000000,7294.98000000,7290.00000000,7293.08000000,17.30848900,1577578979999,126215.97904656,203,4.69051400,34206.76797190,0
1577578980000,7293.14000000,7304.24000000,7293.14000000,7300.88000000,19.34051500,1577579039999,141189.80459976,261,11.62345200,84855.89814023,0
1577579040000,7300.51000000,7301.71000000,7293.75000000,7295.22000000,11.23385600,1577579099999,81982.90043517,167,6.40047400,46711.38530660,0
1577579100000,7295.15000000,7310.00000000,7294.99000000,7307.87000000,31.15533800,1577579159999,227501.89629312,288,22.84357600,166801.20855480,0
1577579160000,7309.25000000,7313.29000000,7305.46000000,7311.73000000,23.86911100,1577579219999,174470.69930674,219,13.76546600,100632.89310265,0
1577579220000,7311.07000000,7312.01000000,7306.60000000,7310.00000000,12.86747200,1577579279999,94056.52786602,132,5.85766800,42811.97879961,0
1577579280000,7310.00000000,7310.24000000,7303.15000000,7303.28000000,19.58906000,1577579339999,143106.82360426,158,3.30859400,24169.24400708,0
1577579340000,7303.20000000,7307.02000000,7303.20000000,7304.08000000,5.33034200,1577579399999,38933.82355637,86,3.44633700,25172.38527064,0
1577579400000,7303.81000000,7306.25000000,7301.18000000,7304.35000000,7.12246700,1577579459999,52018.39642557,100,4.37759200,31971.71091880,0
1577579460000,7304.77000000,7308.52000000,7304.45000000,7307.24000000,4.98221700,1577579519999,36402.33827143,72,3.56095100,26017.29578949,0
1577579520000,7308.47000000,7312.00000000,7305.73000000,7306.35000000,9.31681600,1577579579999,68107.59669727,136,5.77796800,42239.60759216,0
1577579580000,7305.74000000,7309.04000000,7303.42000000,7306.85000000,8.42978600,1577579639999,61579.46569545,139,4.85073000,35436.72814447,0
1577579640000,7309.69000000,7311.18000000,7308.06000000,7310.84000000,5.12385900,1577579699999,37455.41134767,66,3.85564500,28184.76994092,0
1577579700000,7310.84000000,7311.99000000,7307.25000000,7308.25000000,8.43295700,1577579759999,61642.75431107,83,6.92718800,50637.06402963,0
1577579760000,7308.36000000,7309.71000000,7307.39000000,7307.47000000,5.31179800,1577579819999,38818.96040827,64,2.74432200,20055.35471941,0
1577579820000,7307.99000000,7309.10000000,7307.98000000,7308.75000000,2.54822600,1577579879999,18623.19391369,42,1.57393100,11502.73411186,0
1577579880000,7308.73000000,7308.99000000,7307.66000000,7308.22000000,5.08460600,1577579939999,37159.00653626,95,2.39353300,17492.71326438,0
1577579940000,7308.69000000,7310.87000000,7307.58000000,7310.27000000,5.13945400,1577579999999,37565.01169099,74,2.81996900,20612.06947728,0
1577580000000,7310.24000000,7310.54000000,7309.56000000,7310.54000000,6.39419900,1577580059999,46742.39307249,75,3.93687700,28779.62216421,0
1577580060000,7310.38000000,7312.43000000,7309.59000000,7310.96000000,7.54319800,1577580119999,55150.81665841,112,5.55938500,40647.19787669,0
1577580120000,7311.10000000,7311.17000000,7309.00000000,7309.54000000,4.23057700,1577580179999,30925.94127741,86,1.17015900,8554.51608457,0
1577580180000,7309.53000000,7310.00000000,7309.00000000,7309.02000000,4.36781300,1577580239999,31926.70666399,69,2.55033300,18642.05530774,0
1577580240000,7309.32000000,7310.00000000,7309.00000000,7309.00000000,4.77443900,1577580299999,34897.11122125,54,1.21770700,8900.71182832,0
1577580300000,7309.01000000,7311.72000000,7309.00000000,7311.69000000,3.79585100,1577580359999,27746.25281569,60,1.93804900,14167.06331053,0
1577580360000,7311.53000000,7312.44000000,7310.39000000,7312.44000000,2.86917400,1577580419999,20978.06173143,62,1.58180100,11565.51544193,0
1577580420000,7312.41000000,7313.10000000,7311.67000000,7312.09000000,3.59334700,1577580479999,26276.13093187,60,3.13597400,22931.64455179,0
1577580480000,7312.08000000,7313.95000000,7311.03000000,7312.67000000,6.51607500,1577580539999,47648.02780423,87,5.83888500,42696.40924937,0
1577580540000,7312.33000000,7312.67000000,7310.23000000,7310.45000000,8.94849700,1577580599999,65431.88854934,82,1.50631300,11013.73541386,0
1577580600000,7310.44000000,7311.22000000,7308.17000000,7308.61000000,5.97895700,1577580659999,43704.14704508,68,2.76337500,20199.49239162,0
1577580660000,7308.63000000,7312.09000000,7306.73000000,7312.09000000,22.83779500,1577580719999,166896.08629392,103,21.75155400,158955.94816632,0
1577580720000,7311.78000000,7313.14000000,7310.73000000,7312.08000000,5.48437400,1577580779999,40099.76065300,67,3.77409200,27594.56530998,0
1577580780000,7312.03000000,7315.00000000,7312.00000000,7314.19000000,8.01506200,1577580839999,58618.47594080,132,7.24588400,52993.36728308,0
1577580840000,7314.20000000,7315.03000000,7312.60000000,7312.60000000,14.11490300,1577580899999,103246.13982371,97,6.23381700,45598.55429968,0
1577580900000,7312.60000000,7312.95000000,7310.10000000,7311.17000000,5.71189500,1577580959999,41763.26952152,90,1.42535700,10422.04144723,0
1577580960000,7311.01000000,7311.35000000,7307.07000000,7308.61000000,8.16385900,1577581019999,59668.62506490,107,2.23698300,16348.51644415,0
1577581020000,7308.92000000,7313.00000000,7307.00000000,7310.16000000,6.17151400,1577581079999,45115.94598676,96,2.92384000,21375.40757667,0
1577581080000,7310.12000000,7310.16000000,7306.84000000,7307.21000000,13.54156200,1577581139999,98978.55733972,67,2.68597400,19632.16987637,0
1577581140000,7306.83000000,7309.18000000,7305.19000000,7307.64000000,9.90131300,1577581199999,72349.25162715,116,4.44877700,32507.24013242,0
1577581200000,7308.11000000,7309.52000000,7306.06000000,7306.98000000,7.41646500,1577581259999,54200.20561836,88,2.06981700,15126.30080194,0
1577581260000,7307.99000000,7307.99000000,7304.00000000,7304.82000000,4.08011000,1577581319999,29807.97258635,63,2.19087900,16006.97477674,0
1577581320000,7304.81000000,7304.81000000,7296.00000000,7296.63000000,19.50831100,1577581379999,142413.21227826,192,4.11106700,30010.34568487,0
1577581380000,7296.94000000,7299.47000000,7296.36000000,7299.40000000,12.95458100,1577581439999,94549.13265215,189,7.50940500,54807.85735882,0
1577581440000,7299.40000000,7303.72000000,7297.18000000,7297.22000000,18.73117000,1577581499999,136758.92763936,146,12.12449300,88523.80582547,0
1577581500000,7297.61000000,7301.17000000,7296.61000000,7300.24000000,6.70542500,1577581559999,48938.62447230,111,3.31911600,24224.67520970,0
1577581560000,7300.02000000,7302.09000000,7297.91000000,7302.03000000,13.66457400,1577581619999,99740.77687948,199,12.15535700,88723.63806817,0
1577581620000,7301.08000000,7301.49000000,7300.00000000,7300.58000000,5.76739700,1577581679999,42106.46380515,74,3.80137400,27752.89241390,0
1577581680000,7300.64000000,7302.42000000,7300.64000000,7302.41000000,5.99873800,1577581739999,43799.68136917,77,1.23630500,9026.83967900,0
1577581740000,7302.41000000,7303.65000000,7298.22000000,7298.22000000,12.13006600,1577581799999,88566.68179147,100,2.10127400,15341.17619771,0
1577581800000,7298.30000000,7299.73000000,7296.86000000,7297.42000000,12.09827000,1577581859999,88287.37484169,150,3.10540100,22662.56577638,0
1577581860000,7298.00000000,7303.49000000,7297.58000000,7303.48000000,43.03242400,1577581919999,314227.97861067,153,39.57979100,289015.13900749,0
1577581920000,7303.48000000,7304.00000000,7303.07000000,7303.18000000,4.77975200,1577581979999,34908.74926305,74,3.26431000,23840.91442746,0
1577581980000,7303.98000000,7304.00000000,7298.45000000,7299.42000000,6.32322100,1577582039999,46174.22659040,88,2.44080200,17822.63318797,0
1577582040000,7299.42000000,7299.42000000,7293.25000000,7293.25000000,9.87032200,1577582099999,72018.55331496,147,2.35279000,17168.87296236,0
1577582100000,7293.26000000,7301.00000000,7292.21000000,7301.00000000,9.72085300,1577582159999,70915.15270170,160,5.41511400,39508.51877780,0
1577582160000,7300.99000000,7301.79000000,7299.48000000,7299.57000000,6.20189200,1577582219999,45279.53585842,150,4.77106100,34833.34505813,0
1577582220000,7299.48000000,7302.98000000,7299.48000000,7302.69000000,9.81369400,1577582279999,71653.88745305,130,7.23140500,52799.55233944,0
1577582280000,7302.69000000,7302.87000000,7300.17000000,7300.20000000,5.99587000,1577582339999,43778.60769488,94,2.78165600,20310.64235631,0
1577582340000,7300.19000000,7302.00000000,7300.19000000,7301.01000000,4.60172500,1577582399999,33599.10905132,94,1.75454600,12811.11309203,0
1577582400000,7301.00000000,7301.00000000,7297.30000000,7298.75000000,41.85796500,1577582459999,305590.30113702,140,2.08654700,15228.90593378,0
1577582460000,7298.20000000,7298.21000000,7296.36000000,7297.01000000,5.78491900,1577582519999,42213.71088968,100,3.06234300,22346.90240108,0
1577582520000,7297.00000000,7300.10000000,7297.00000000,7299.97000000,6.98731000,1577582579999,50992.27736047,154,2.65392000,19369.02223841,0
1577582580000,7298.79000000,7300.00000000,7298.79000000,7299.99000000,3.86052300,1577582639999,28179.46366345,87,3.05211200,22278.49501475,0
1577582640000,7298.91000000,7299.11000000,7295.00000000,7295.00000000,10.39434200,1577582699999,75850.16090541,115,3.08523600,22515.64800304,0
1577582700000,7295.01000000,7298.86000000,7295.00000000,7295.85000000,5.74030600,1577582759999,41883.01768822,105,2.39173600,17451.74044176,0
1577582760000,7295.88000000,7295.90000000,7292.00000000,7292.91000000,4.44058300,1577582819999,32391.84120499,91,2.33759900,17052.88057401,0
1577582820000,7292.89000000,7295.13000000,7288.30000000,7295.13000000,37.80656500,1577582879999,275644.24498286,365,16.75982100,122199.01973064,0
1577582880000,7293.42000000,7295.78000000,7290.86000000,7291.20000000,13.19258200,1577582939999,96225.82677508,199,6.67270300,48669.68286923,0
1577582940000,7291.17000000,7295.79000000,7290.95000000,7295.79000000,8.02518600,1577582999999,58533.69821910,141,5.34067200,38956.59036485,0
1577583000000,7295.58000000,7298.35000000,7293.14000000,7297.39000000,9.60676600,1577583059999,70086.24153048,124,5.66069500,41297.52065812,0
1577583060000,7297.41000000,7297.41000000,7294.45000000,7296.72000000,4.39319500,1577583119999,32050.75564904,62,3.28884200,23993.46793629,0
1577583120000,7296.74000000,7300.00000000,7296.73000000,7299.72000000,3.62172100,1577583179999,26435.15831192,59,3.12594200,22816.29387397,0
1577583180000,7299.92000000,7301.70000000,7299.04000000,7301.65000000,3.04091500,1577583239999,22198.31602986,91,1.69089800,12343.69500711,0
1577583240000,7300.95000000,7302.46000000,7300.62000000,7302.26000000,8.02851600,1577583299999,58620.07299206,116,5.68682300,41521.99887780,0
1577583300000,7302.12000000,7303.99000000,7301.62000000,7303.99000000,6.74408900,1577583359999,49248.13943664,86,4.89427100,35740.85095051,0
1577583360000,7303.99000000,7303.99000000,7302.90000000,7303.61000000,4.47033800,1577583419999,32648.78065381,63,2.81850000,20585.04889454,0
1577583420000,7303.60000000,7303.61000000,7301.86000000,7303.59000000,6.93556600,1577583479999,50652.26418877,89,2.35598900,17206.14804547,0
1577583480000,7303.60000000,7303.60000000,7298.42000000,7298.89000000,3.18199900,1577583539999,23234.46659199,106,1.04284400,7614.07472989,0
1577583540000,7299.20000000,7300.25000000,7298.82000000,7300.18000000,5.36750900,1577583599999,39181.09699239,72,1.69082100,12342.08046344,0
1577583600000,7300.18000000,7300.18000000,7298.93000000,7299.66000000,2.58645200,1577583659999,18879.97266239,43,1.25305700,9146.75004625,0
1577583660000,7299.08000000,7299.99000000,7296.92000000,7297.77000000,8.09910700,1577583719999,59113.57114857,101,4.49040300,32774.72727724,0
1577583720000,7297.78000000,7298.00000000,7296.06000000,7296.20000000,4.58453700,1577583779999,33454.16472968,75,2.69678700,19678.59823253,0
1577583780000,7296.07000000,7297.22000000,7295.01000000,7295.01000000,8.42640900,1577583839999,61477.43050707,176,4.11771300,30043.13503699,0
1577583840000,7295.01000000,7298.00000000,7292.87000000,7298.00000000,12.04244300,1577583899999,87847.36425394,204,8.34403300,60871.72446210,0
1577583900000,7297.63000000,7300.15000000,7297.63000000,7299.02000000,6.30846800,1577583959999,46041.31854524,108,4.03685900,29462.69126839,0
1577583960000,7299.02000000,7300.15000000,7299.02000000,7300.15000000,4.83134100,1577584019999,35267.80990744,88,3.26878700,23861.86070583,0
1577584020000,7300.15000000,7302.19000000,7300.14000000,7301.61000000,2.94105600,1577584079999,21472.91660975,71,1.75304200,12798.93646189,0
1577584080000,7301.48000000,7301.48000000,7299.77000000,7300.34000000,7.26159400,1577584139999,53013.05131108,87,6.05914600,44235.01761749,0
1577584140000,7300.06000000,7300.06000000,7294.15000000,7294.81000000,5.67897400,1577584199999,41438.12625055,63,0.95628000,6977.58658754,0
1577584200000,7294.99000000,7295.36000000,7293.40000000,7293.49000000,8.62846900,1577584259999,62942.30217180,98,2.04534500,14919.72227759,0
1577584260000,7293.90000000,7295.22000000,7292.88000000,7293.98000000,13.98947800,1577584319999,102040.37543969,126,8.91436000,65023.40412581,0
1577584320000,7294.01000000,7294.04000000,7292.01000000,7292.01000000,5.28735900,1577584379999,38561.18146339,74,1.36351900,9944.20702737,0
1577584380000,7292.51000000,7292.51000000,7288.95000000,7290.58000000,9.82195900,1577584439999,71605.22799643,132,3.99946500,29157.03673611,0
1577584440000,7290.53000000,7294.60000000,7290.38000000,7294.43000000,8.81787900,1577584499999,64305.10350994,114,4.68152900,34143.44418946,0
1577584500000,7294.46000000,7294.46000000,7289.99000000,7292.07000000,9.67825100,1577584559999,70574.41492452,130,5.64457700,41163.75087937,0
1577584560000,7292.10000000,7292.19000000,7289.68000000,7290.79000000,7.17557600,1577584619999,52319.70094260,79,3.75652300,27390.94376861,0
1577584620000,7291.02000000,7291.49000000,7288.48000000,7289.02000000,5.30616000,1577584679999,38683.21569869,101,1.52866800,11143.72747852,0
1577584680000,7289.47000000,7290.00000000,7288.30000000,7288.31000000,7.24087300,1577584739999,52778.16371153,129,2.60991600,19023.02210079,0
1577584740000,7288.30000000,7290.97000000,7288.30000000,7289.40000000,9.17768600,1577584799999,66899.71668046,122,4.99315900,36396.84087232,0
1577584800000,7289.69000000,7289.82000000,7288.00000000,7288.10000000,14.02501100,1577584859999,102218.36543679,209,6.33658600,46183.89252453,0
1577584860000,7288.12000000,7289.84000000,7288.00000000,7289.59000000,14.15281600,1577584919999,103156.31635119,129,9.70559700,70742.92983380,0
1577584920000,7289.01000000,7293.00000000,7288.00000000,7292.97000000,140.98749200,1577584979999,1027852.22274731,339,132.26944300,964301.24162571,0
1577584980000,7292.97000000,7294.45000000,7291.87000000,7293.67000000,23.31211300,1577585039999,170011.19696332,324,20.70067200,150966.95204398,0
1577585040000,7293.67000000,7300.00000000,7292.21000000,7298.84000000,23.33667900,1577585099999,170284.10947149,353,19.79187600,144424.77251310,0
1577585100000,7297.79000000,7299.51000000,7293.09000000,7297.73000000,16.77253700,1577585159999,122397.96945889,193,14.15278600,103283.26607402,0
1577585160000,7297.04000000,7298.09000000,7295.10000000,7297.72000000,2.66076900,1577585219999,19415.50355126,55,1.17785700,8594.93804407,0
1577585220000,7297.73000000,7298.77000000,7297.00000000,7298.74000000,5.75726500,1577585279999,42018.80011780,57,4.90233600,35779.66363255,0
1577585280000,7298.75000000,7299.91000000,7297.96000000,7299.15000000,7.34462400,1577585339999,53609.57313124,56,6.79685300,49611.60594065,0
1577585340000,7299.12000000,7299.53000000,7296.64000000,7296.64000000,6.66929000,1577585399999,48672.23852855,121,3.24630000,23692.83564284,0
1577585400000,7297.63000000,7299.34000000,7297.35000000,7299.01000000,3.50493700,1577585459999,25580.72562656,48,3.11448100,22731.05486577,0
1577585460000,7299.00000000,7299.50000000,7297.93000000,7299.44000000,2.09447600,1577585519999,15286.86679675,43,1.25215300,9139.25683273,0
1577585520000,7299.41000000,7299.47000000,7297.72000000,7299.06000000,8.69988300,1577585579999,63497.50576518,107,4.68928100,34227.06957447,0
1577585580000,7299.06000000,7299.43000000,7298.06000000,7299.37000000,6.24590300,1577585639999,45588.83412324,73,5.21684300,38078.28157384,0
1577585640000,7298.53000000,7299.43000000,7297.70000000,7298.20000000,8.37161500,1577585699999,61103.20903700,99,5.74678300,41946.40048435,0
1577585700000,7298.20000000,7299.28000000,7296.64000000,7296.91000000,8.02345100,1577585759999,58555.21724491,85,3.51218800,25632.23103327,0
1577585760000,7297.43000000,7297.43000000,7295.48000000,7296.00000000,8.19905400,1577585819999,59822.78172770,55,2.11923200,15462.13041343,0
1577585820000,7295.56000000,7295.98000000,7295.11000000,7295.97000000,5.97639700,1577585879999,43601.45928846,68,1.88364000,13742.57855428,0
1577585880000,7295.45000000,7295.97000000,7293.29000000,7294.87000000,8.81322100,1577585939999,64291.58844851,94,6.09783300,44483.59258329,0
1577585940000,7294.56000000,7294.84000000,7292.70000000,7293.66000000,6.58613300,1577585999999,48037.66257386,135,2.83800700,20700.32016513,0
1577586000000,7294.15000000,7294.72000000,7293.12000000,7293.57000000,8.14490600,1577586059999,59408.86282569,84,3.48881300,25447.56667956,0
1577586060000,7294.63000000,7295.98000000,7292.70000000,7295.98000000,11.27449600,1577586119999,82235.52004549,155,7.27574200,53071.76137991,0
1577586120000,7295.98000000,7299.17000000,7295.44000000,7297.97000000,10.38239000,1577586179999,75759.30387298,114,6.96859000,50850.47592038,0
1577586180000,7298.00000000,7299.36000000,7297.96000000,7297.96000000,5.47466000,1577586239999,39959.26448545,94,3.52620700,25738.05977338,0
1577586240000,7298.39000000,7299.36000000,7298.00000000,7298.60000000,3.77161100,1577586299999,27528.67041179,53,2.76605100,20189.45404381,0
1577586300000,7298.58000000,7301.42000000,7298.58000000,7301.40000000,11.30716500,1577586359999,82539.95906274,179,9.39212700,68560.92701637,0
1577586360000,7300.37000000,7303.00000000,7300.37000000,7301.82000000,4.39911100,1577586419999,32118.89830598,51,2.31099200,16873.32940693,0
1577586420000,7302.03000000,7304.91000000,7301.50000000,7304.22000000,5.48310300,1577586479999,40044.19593901,93,3.80694600,27803.19411572,0
1577586480000,7303.74000000,7306.10000000,7301.14000000,7302.00000000,6.91086700,1577586539999,50470.37401280,103,1.66190900,12137.95232284,0
1577586540000,7301.99000000,7305.41000000,7301.99000000,7304.57000000,4.02663300,1577586599999,29411.29490329,65,3.33725400,24376.31979422,0
1577586600000,7305.06000000,7307.29000000,7304.21000000,7305.00000000,11.00767600,1577586659999,80420.27056214,95,9.33231100,68181.38186874,0
1577586660000,7304.78000000,7305.00000000,7303.84000000,7304.26000000,4.10591900,1577586719999,29992.70166045,117,2.66260700,19450.10439374,0
1577586720000,7304.99000000,7307.08000000,7304.30000000,7306.08000000,6.35396000,1577586779999,46419.70944919,166,5.07394800,37068.56025476,0
1577586780000,7305.97000000,7308.23000000,7305.97000000,7308.23000000,6.74440000,1577586839999,49281.48993912,133,4.66222800,34068.01618250,0
1577586840000,7307.21000000,7310.85000000,7307.03000000,7310.63000000,18.34723000,1577586899999,134109.69788937,261,14.59376900,106675.02974330,0
1577586900000,7309.47000000,7310.64000000,7306.35000000,7307.39000000,11.33979000,1577586959999,82878.89781971,145,5.33686500,39007.50134599,0
1577586960000,7307.03000000,7307.94000000,7304.40000000,7305.26000000,3.34870000,1577587019999,24466.50144737,67,2.04536900,14944.31877514,0
1577587020000,7305.00000000,7308.91000000,7304.23000000,7307.50000000,34.37646000,1577587079999,251133.11063696,99,28.14395500,205607.66137201,0
1577587080000,7307.92000000,7309.06000000,7307.39000000,7308.53000000,6.50717200,1577587139999,47554.90535336,114,4.68412900,34232.24315047,0
1577587140000,7308.60000000,7308.70000000,7307.56000000,7308.12000000,4.69726400,1577587199999,34328.86256626,58,2.68351000,19612.30993626,0
1577587200000,7307.79000000,7309.34000000,7304.30000000,7304.32000000,9.52757600,1577587259999,69622.46736351,161,4.06663300,29720.52424996,0
1577587260000,7305.39000000,7308.14000000,7304.81000000,7307.53000000,4.36022700,1577587319999,31861.24949052,59,2.08887500,15264.61599208,0
1577587320000,7307.81000000,7307.99000000,7305.43000000,7307.60000000,13.87073600,1577587379999,101361.85906845,85,8.11206200,59280.94958814,0
1577587380000,7306.84000000,7307.88000000,7305.84000000,7307.19000000,8.51575200,1577587439999,62228.30535621,137,0.74911700,5474.02820337,0
1577587440000,7306.42000000,7307.50000000,7305.83000000,7307.34000000,3.90839200,1577587499999,28557.21573384,54,1.00549100,7347.05563961,0
1577587500000,7307.34000000,7308.27000000,7306.34000000,7307.38000000,6.41073100,1577587559999,46848.11852570,79,3.98723000,29138.58422215,0
1577587560000,7307.38000000,7308.00000000,7307.38000000,7307.98000000,3.42684400,1577587619999,25041.75191005,43,1.00932500,7375.82145463,0
1577587620000,7307.38000000,7308.00000000,7307.38000000,7308.00000000,2.16023800,1577587679999,15786.53171059,41,1.96413600,14353.49754547,0
1577587680000,7307.47000000,7309.37000000,7307.47000000,7308.85000000,5.22452400,1577587739999,38182.57802878,78,3.93479700,28757.12144094,0
1577587740000,7308.87000000,7308.94000000,7307.48000000,7308.65000000,2.37846400,1577587799999,17382.77165924,47,1.97378000,14425.34574761,0
1577587800000,7308.06000000,7309.09000000,7307.38000000,7308.40000000,9.68169600,1577587859999,70754.15781198,104,5.03719200,36813.35871769,0
1577587860000,7308.62000000,7308.62000000,7305.01000000,7305.34000000,6.26247000,1577587919999,45760.87862993,82,2.89496300,21155.04553025,0
1577587920000,7305.35000000,7306.38000000,7305.21000000,7305.27000000,5.90520800,1577587979999,43142.19363602,79,0.99442800,7265.23333189,0
1577587980000,7305.27000000,7306.21000000,7304.16000000,7304.84000000,3.17103400,1577588039999,23165.32960369,59,0.97022100,7088.23416450,0
1577588040000,7305.29000000,7307.58000000,7301.00000000,7307.49000000,42.53525300,1577588099999,310596.28848068,114,19.12172000,139626.42934235,0
1577588100000,7307.45000000,7307.54000000,7306.25000000,7306.25000000,4.90025500,1577588159999,35805.72777564,65,3.57829800,26146.41533824,0
1577588160000,7306.25000000,7307.08000000,7303.92000000,7304.31000000,8.62029400,1577588219999,62978.05725967,144,4.93558600,36060.07016810,0
1577588220000,7305.45000000,7307.15000000,7304.35000000,7307.04000000,8.71221700,1577588279999,63644.92893366,132,7.35147400,53704.45929533,0
1577588280000,7307.11000000,7308.92000000,7307.04000000,7308.00000000,5.86666700,1577588339999,42873.71830511,91,4.33433900,31676.04438660,0
1577588340000,7308.48000000,7308.97000000,7307.46000000,7308.66000000,8.33624100,1577588399999,60923.72573259,174,6.02568900,44039.02096469,0
1577588400000,7308.66000000,7308.68000000,7303.14000000,7305.94000000,20.97163900,1577588459999,153208.06739475,331,9.89625900,72295.39466230,0
1577588460000,7304.73000000,7306.38000000,7303.99000000,7305.04000000,9.37399600,1577588519999,68478.82650865,150,6.39081100,46687.02933538,0
1577588520000,7306.12000000,7306.13000000,7304.33000000,7305.33000000,2.57556000,1577588579999,18815.84900597,77,1.76268300,12877.66012903,0
1577588580000,7305.15000000,7307.92000000,7305.00000000,7306.56000000,7.44589300,1577588639999,54404.17685828,131,5.75858900,42076.48096215,0
1577588640000,7306.56000000,7307.37000000,7305.01000000,7306.75000000,12.55332700,1577588699999,91721.97066385,190,10.18305500,74404.27834276,0
1577588700000,7306.76000000,7308.29000000,7305.80000000,7307.95000000,7.42307200,1577588759999,54239.70285466,102,4.50214100,32897.95218498,0
1577588760000,7306.87000000,7311.00000000,7306.15000000,7309.08000000,5.56328400,1577588819999,40662.26464097,129,3.92687600,28702.06763818,0
1577588820000,7308.11000000,7309.54000000,7306.40000000,7309.46000000,10.76662900,1577588879999,78689.42283766,157,8.48826300,62038.44091076,0
1577588880000,7309.40000000,7309.43000000,7307.02000000,7307.65000000,6.35905500,1577588939999,46471.59460906,73,1.47350700,10769.14790917,0
1577588940000,7308.32000000,7308.85000000,7306.98000000,7307.27000000,3.98194200,1577588999999,29100.10152575,80,2.52382100,18444.64418468,0
1577589000000,7307.83000000,7308.48000000,7305.01000000,7306.87000000,3.06683300,1577589059999,22409.01175184,68,1.44481500,10557.17121131,0
1577589060000,7306.64000000,7307.03000000,7305.00000000,7305.84000000,6.01149800,1577589119999,43921.15712018,72,1.67837300,12263.03636960,0
1577589120000,7305.58000000,7305.84000000,7304.54000000,7305.02000000,8.28007100,1577589179999,60489.56713252,94,1.65667800,12102.88028420,0
1577589180000,7305.04000000,7305.04000000,7302.01000000,7303.11000000,4.64362000,1577589239999,33914.44481842,108,2.98071300,21769.74375099,0
1577589240000,7303.10000000,7303.41000000,7301.37000000,7303.41000000,3.85901600,1577589299999,28180.80135718,67,2.37645400,17354.72982431,0
1577589300000,7303.41000000,7305.70000000,7303.21000000,7305.31000000,9.20168500,1577589359999,67207.91039206,110,6.85868000,50095.87168242,0
1577589360000,7305.67000000,7306.02000000,7304.84000000,7305.99000000,3.95703300,1577589419999,28909.08343925,66,3.64614400,26637.80223832,0
1577589420000,7305.95000000,7306.02000000,7305.60000000,7306.02000000,12.73762800,1577589479999,93059.34044799,163,11.68598100,85376.28354206,0
1577589480000,7306.02000000,7306.02000000,7303.00000000,7303.00000000,9.63974800,1577589539999,70426.84933377,109,8.40468700,61404.45653949,0
1577589540000,7303.00000000,7304.81000000,7301.52000000,7303.90000000,3.91906100,1577589599999,28624.91593141,85,1.61048000,11763.30519262,0
1577589600000,7304.81000000,7304.82000000,7303.01000000,7303.01000000,4.77814100,1577589659999,34897.63586502,53,2.04227200,14915.86644295,0
1577589660000,7303.01000000,7303.96000000,7301.40000000,7302.26000000,2.57678100,1577589719999,18818.23383639,52,1.15558400,8439.03674616,0
1577589720000,7303.02000000,7305.64000000,7302.44000000,7303.41000000,10.52500200,1577589779999,76869.09342283,198,7.69971500,56235.41610503,0
1577589780000,7303.41000000,7304.15000000,7302.99000000,7303.89000000,4.48471900,1577589839999,32754.55319767,64,3.14883000,22998.06263026,0
1577589840000,7303.67000000,7303.88000000,7302.83000000,7303.74000000,4.65178100,1577589899999,33974.94396432,55,4.07865400,29789.20914601,0
1577589900000,7303.19000000,7304.67000000,7302.12000000,7303.76000000,3.66722800,1577589959999,26782.89452769,62,2.29221800,16741.43731680,0
1577589960000,7302.71000000,7303.71000000,7300.61000000,7301.93000000,6.55617700,1577590019999,47876.26302531,86,4.20658400,30718.64815430,0
1577590020000,7301.93000000,7302.72000000,7299.99000000,7301.60000000,8.30177600,1577590079999,60614.09156144,108,5.45292100,39815.30359600,0
1577590080000,7301.62000000,7305.15000000,7301.58000000,7305.00000000,8.39278300,1577590139999,61296.67156426,148,6.78684900,49567.75938839,0
1577590140000,7305.00000000,7306.19000000,7303.90000000,7305.09000000,5.10571800,1577590199999,37295.94844465,68,3.00563100,21955.95200652,0
1577590200000,7306.19000000,7307.36000000,7306.11000000,7307.00000000,2.99551200,1577590259999,21887.70690511,64,2.44777800,17885.52043502,0
1577590260000,7306.89000000,7307.99000000,7306.81000000,7307.00000000,6.33962900,1577590319999,46324.93027241,101,4.62907400,33825.89640279,0
1577590320000,7307.54000000,7308.61000000,7306.79000000,7307.94000000,5.89259800,1577590379999,43061.00966295,84,4.27849900,31266.75005738,0
1577590380000,7308.61000000,7310.00000000,7307.50000000,7310.00000000,13.89763100,1577590439999,101575.69108812,218,11.10063700,81135.52279592,0
1577590440000,7310.00000000,7311.10000000,7309.94000000,7311.09000000,5.88638100,1577590499999,43033.75513285,117,3.88889100,28430.37147339,0
1577590500000,7311.09000000,7311.39000000,7306.79000000,7306.88000000,29.00463400,1577590559999,212028.57852247,232,3.76047200,27482.78577832,0
1577590560000,7306.98000000,7312.28000000,7306.79000000,7310.57000000,17.10836000,1577590619999,125059.11096347,127,11.12030300,81301.22278923,0
1577590620000,7310.66000000,7311.61000000,7308.12000000,7310.30000000,9.58280900,1577590679999,70043.05514741,122,6.84388100,50021.19729342,0
1577590680000,7310.05000000,7310.47000000,7308.08000000,7309.10000000,4.17887400,1577590739999,30543.88286445,77,1.38889400,10151.25748457,0
1577590740000,7309.28000000,7311.82000000,7308.23000000,7311.33000000,17.88528300,1577590799999,130741.19493340,89,3.79353100,27731.06269995,0
1577590800000,7311.33000000,7312.49000000,7307.48000000,7309.70000000,51.42201500,1577590859999,375827.15787511,157,24.79258900,181190.26638239,0
1577590860000,7309.72000000,7312.55000000,7309.71000000,7310.93000000,12.40438800,1577590919999,90693.98496571,100,11.15223000,81540.11866571,0
1577590920000,7310.93000000,7311.98000000,7309.74000000,7310.43000000,3.36588900,1577590979999,24606.98312723,72,2.92935300,21415.68507590,0
1577590980000,7310.84000000,7311.14000000,7309.73000000,7309.92000000,6.13750600,1577591039999,44868.83117155,81,3.14053900,22959.65158578,0
1577591040000,7309.77000000,7309.89000000,7307.01000000,7308.10000000,4.60510400,1577591099999,33655.07381865,77,1.94621900,14223.76149323,0
1577591100000,7308.22000000,7310.70000000,7307.02000000,7309.03000000,5.58248700,1577591159999,40797.82481032,78,1.89378800,13840.77899517,0
1577591160000,7309.03000000,7309.36000000,7307.33000000,7307.78000000,3.23200200,1577591219999,23621.50770663,67,1.46276100,10691.07532370,0
1577591220000,7308.08000000,7310.10000000,7307.31000000,7309.12000000,5.03816500,1577591279999,36821.65795863,108,3.05160500,22303.27337749,0
1577591280000,7308.93000000,7309.80000000,7303.05000000,7306.70000000,19.78191700,1577591339999,144522.15318312,201,6.95838600,50835.52624478,0
1577591340000,7306.49000000,7308.72000000,7305.26000000,7306.45000000,6.87788300,1577591399999,50252.30221554,115,2.95424000,21585.18247668,0
1577591400000,7306.55000000,7306.67000000,7305.57000000,7305.57000000,3.87481400,1577591459999,28309.56950827,116,1.62948900,11904.82381343,0
1577591460000,7305.57000000,7305.57000000,7303.37000000,7303.99000000,1.67954200,1577591519999,12267.60480589,88,1.00847100,7365.98381366,0
1577591520000,7304.01000000,7305.11000000,7300.55000000,7301.87000000,5.51778600,1577591579999,40297.09225065,97,1.77038500,12929.40639008,0
1577591580000,7301.41000000,7304.28000000,7301.41000000,7304.16000000,7.68037200,1577591639999,56086.76246044,108,6.11625900,44664.70301255,0
1577591640000,7304.15000000,7305.08000000,7302.50000000,7304.50000000,9.85790200,1577591699999,72002.35809607,137,6.92300600,50565.96283122,0
1577591700000,7304.40000000,7304.41000000,7301.68000000,7302.00000000,2.82074800,1577591759999,20598.42731694,79,1.16247400,8488.17499968,0
1577591760000,7302.00000000,7305.47000000,7302.00000000,7304.30000000,9.30958000,1577591819999,67984.12092841,74,8.56347900,62534.00980661,0
1577591820000,7304.43000000,7306.44000000,7304.22000000,7306.18000000,3.63179400,1577591879999,26530.80436647,59,2.71514500,19834.32243900,0
1577591880000,7306.84000000,7307.03000000,7305.05000000,7305.99000000,6.70473400,1577591939999,48988.22159886,114,5.62993900,41135.93450343,0
1577591940000,7305.99000000,7307.34000000,7305.99000000,7307.27000000,4.89837400,1577591999999,35791.22844514,73,3.27987300,23965.82811903,0
1577592000000,7307.06000000,7307.06000000,7303.57000000,7304.13000000,4.18529200,1577592059999,30578.02886975,96,3.03918700,22205.20652823,0
1577592060000,7304.66000000,7304.68000000,7301.68000000,7302.16000000,4.45993800,1577592119999,32572.62926364,109,2.98833600,21824.93671644,0
1577592120000,7302.28000000,7302.73000000,7302.28000000,7302.73000000,2.62047500,1577592179999,19136.43558121,66,0.55255500,4035.12958666,0
1577592180000,7302.73000000,7307.50000000,7302.72000000,7307.39000000,17.76119800,1577592239999,129747.68347125,150,15.78246800,115291.97972872,0
1577592240000,7306.44000000,7307.12000000,7305.46000000,7305.87000000,5.67482800,1577592299999,41461.30948148,117,4.97744600,36366.15543763,0
1577592300000,7305.85000000,7306.38000000,7304.85000000,7304.89000000,10.43744500,1577592359999,76249.15174532,77,2.42414000,17709.29697172,0
1577592360000,7304.90000000,7305.63000000,7304.87000000,7305.29000000,2.06684600,1577592419999,15098.55535354,61,0.97041000,7089.12906792,0
1577592420000,7305.11000000,7305.61000000,7304.87000000,7304.92000000,3.42770600,1577592479999,25039.75804087,71,0.51831800,3786.42643866,0
1577592480000,7304.87000000,7305.01000000,7303.07000000,7304.06000000,7.08357800,1577592539999,51739.22360683,123,4.79145700,34998.65572572,0
1577592540000,7303.07000000,7304.02000000,7303.07000000,7303.09000000,6.35901000,1577592599999,46441.48912532,103,3.14407700,22962.45133722,0
1577592600000,7303.09000000,7303.76000000,7303.07000000,7303.07000000,3.18238800,1577592659999,23242.31211585,53,1.48023200,10810.82960114,0
1577592660000,7303.63000000,7304.16000000,7303.07000000,7303.80000000,3.86428600,1577592719999,28222.46464689,53,1.77913200,12994.25890801,0
1577592720000,7303.75000000,7308.78000000,7303.07000000,7308.77000000,4.37888000,1577592779999,31987.41478219,112,3.38272500,24711.95941195,0
1577592780000,7306.78000000,7308.74000000,7306.09000000,7307.94000000,2.81474500,1577592839999,20570.03285348,71,1.32014900,9647.58299831,0
1577592840000,7307.93000000,7308.64000000,7306.12000000,7307.94000000,4.28123200,1577592899999,31284.75559594,83,2.94002800,21484.62713281,0
1577592900000,7307.45000000,7308.55000000,7306.91000000,7307.86000000,3.29294400,1577592959999,24063.75123983,67,2.24365800,16396.26339001,0
1577592960000,7307.85000000,7307.94000000,7306.93000000,7307.40000000,2.25934900,1577593019999,16510.28694998,76,1.45150000,10607.14462219,0
1577593020000,7307.17000000,7307.71000000,7303.26000000,7304.60000000,5.69421100,1577593079999,41595.92704583,86,1.31515600,9606.80899367,0
1577593080000,7304.81000000,7308.00000000,7304.53000000,7307.79000000,3.67199500,1577593139999,26830.89176657,73,2.07034600,15127.85125851,0
1577593140000,7307.93000000,7308.00000000,7306.68000000,7307.87000000,2.90562900,1577593199999,21233.43138527,58,2.05051900,14984.73191985,0
1577593200000,7307.79000000,7307.79000000,7306.90000000,7306.91000000,2.56034900,1577593259999,18709.46979536,50,1.62238100,11855.18915632,0
1577593260000,7307.36000000,7307.79000000,7307.34000000,7307.55000000,2.09409300,1577593319999,15303.03005952,51,0.92903700,6789.08746756,0
1577593320000,7307.47000000,7307.79000000,7306.66000000,7307.76000000,2.66640800,1577593379999,19483.82955558,55,1.06373600,7772.61189707,0
1577593380000,7307.76000000,7307.76000000,7304.41000000,7305.51000000,3.65098800,1577593439999,26674.58921563,67,1.69448300,12378.77892503,0
1577593440000,7305.24000000,7306.64000000,7304.43000000,7304.47000000,2.91247400,1577593499999,21275.59494144,58,1.24926400,9125.95554695,0
1577593500000,7304.63000000,7305.65000000,7304.40000000,7304.40000000,3.92340500,1577593559999,28658.76799321,49,0.70101600,5120.71460576,0
1577593560000,7304.40000000,7305.55000000,7304.19000000,7304.80000000,15.80418600,1577593619999,115445.99904756,75,4.19198700,30621.28598673,0
1577593620000,7304.79000000,7306.99000000,7304.79000000,7306.40000000,5.30064400,1577593679999,38723.79419464,101,2.75827800,20150.76506273,0
1577593680000,7306.40000000,7307.01000000,7304.98000000,7306.00000000,10.86180300,1577593739999,79356.88984070,131,8.52035700,62250.17154644,0
1577593740000,7306.00000000,7308.00000000,7303.07000000,7303.07000000,17.27065500,1577593799999,126178.69660080,181,6.82037000,49833.17454681,0
1577593800000,7303.08000000,7304.00000000,7302.03000000,7302.26000000,18.52514200,1577593859999,135284.29541317,85,6.97664900,50947.67092431,0
1577593860000,7302.26000000,7302.26000000,7300.53000000,7300.54000000,8.54151800,1577593919999,62364.64096077,101,1.02019000,7448.39743027,0
1577593920000,7300.59000000,7301.89000000,7300.17000000,7300.55000000,5.39326100,1577593979999,39376.59023982,127,2.00393000,14630.78334706,0
1577593980000,7300.20000000,7302.95000000,7297.98000000,7302.00000000,28.61344600,1577594039999,208888.23080745,248,14.47534800,105680.99294869,0
1577594040000,7302.00000000,7302.00000000,7299.46000000,7300.28000000,13.71892200,1577594099999,100165.61767221,149,11.23188400,82005.87302534,0
1577594100000,7300.28000000,7301.45000000,7299.88000000,7301.23000000,6.62050300,1577594159999,48331.87292119,117,4.63911100,33866.90008870,0
1577594160000,7301.44000000,7301.99000000,7299.21000000,7301.99000000,118.75922000,1577594219999,867162.19188820,266,108.55135100,792632.49524671,0
1577594220000,7301.99000000,7305.73000000,7300.51000000,7301.72000000,33.59642400,1577594279999,245316.91746003,334,26.93915600,196706.89068738,0
1577594280000,7301.72000000,7303.77000000,7300.84000000,7302.57000000,6.21683100,1577594339999,45396.11124311,114,5.36899000,39205.40721809,0
1577594340000,7303.08000000,7303.42000000,7301.28000000,7301.99000000,4.27303100,1577594399999,31203.76702996,71,2.92225500,21340.20511295,0
1577594400000,7301.97000000,7304.93000000,7301.97000000,7302.19000000,3.47923600,1577594459999,25408.37837280,58,1.79208500,13087.92758626,0
1577594460000,7302.19000000,7304.46000000,7302.00000000,7303.01000000,10.46806300,1577594519999,76451.61989548,131,8.13724300,59429.75999226,0
1577594520000,7303.22000000,7304.07000000,7300.00000000,7302.40000000,8.99617900,1577594579999,65694.41378020,135,4.45095600,32505.86044791,0
1577594580000,7301.93000000,7304.88000000,7300.17000000,7304.12000000,9.37262400,1577594639999,68447.35663806,111,7.30268100,53331.54460192,0
1577594640000,7303.44000000,7304.70000000,7301.82000000,7302.88000000,11.92747600,1577594699999,87112.82672526,97,7.71056200,56317.60499618,0
1577594700000,7302.90000000,7303.87000000,7300.00000000,7301.09000000,7.35373800,1577594759999,53693.86709164,81,2.88121300,21038.88586927,0
1577594760000,7300.43000000,7303.38000000,7300.43000000,7302.37000000,10.91930200,1577594819999,79735.06047832,136,6.47023600,47248.19443216,0
1577594820000,7302.94000000,7306.08000000,7302.94000000,7304.72000000,11.61243900,1577594879999,84833.34134876,133,8.91847600,65154.75779820,0
1577594880000,7304.52000000,7304.52000000,7301.00000000,7302.12000000,7.13145300,1577594939999,52076.76749500,76,2.98520400,21800.54092144,0
1577594940000,7301.72000000,7303.25000000,7301.00000000,7301.00000000,5.93766400,1577594999999,43358.70278767,101,2.16729100,15826.35951794,0
1577595000000,7301.21000000,7302.00000000,7300.00000000,7300.01000000,3.75956800,1577595059999,27450.43963321,73,2.61031400,19059.53325283,0
1577595060000,7300.01000000,7300.01000000,7299.19000000,7299.99000000,7.52113700,1577595119999,54903.16054923,45,1.82868100,13348.57943809,0
1577595120000,7300.00000000,7300.00000000,7299.99000000,7299.99000000,5.02099200,1577595179999,36653.23937219,30,4.79821100,35026.94030000,0
1577595180000,7300.00000000,7300.00000000,7299.34000000,7299.98000000,5.94717500,1577595239999,43414.14444163,52,1.42832500,10426.69652988,0
1577595240000,7299.98000000,7299.99000000,7298.00000000,7299.96000000,9.81818000,1577595299999,71666.24617186,75,3.37432400,24629.47534069,0
1577595300000,7299.96000000,7303.36000000,7298.58000000,7302.73000000,12.06089700,1577595359999,88068.56717257,134,11.22518500,81966.66060066,0
1577595360000,7302.67000000,7302.90000000,7301.14000000,7301.39000000,9.85034500,1577595419999,71930.09242759,88,7.98403900,58302.62581927,0
1577595420000,7301.66000000,7301.69000000,7298.84000000,7299.16000000,10.30352700,1577595479999,75218.30787228,97,6.46465000,47193.91029683,0
1577595480000,7299.97000000,7300.00000000,7298.68000000,7299.22000000,8.28924900,1577595539999,60507.47496440,101,6.53736100,47719.95087845,0
1577595540000,7299.68000000,7299.69000000,7298.61000000,7299.35000000,12.23893300,1577595599999,89337.19907873,108,5.86071800,42779.61120201,0
1577595600000,7299.46000000,7299.69000000,7297.25000000,7297.52000000,6.05543900,1577595659999,44196.40066634,79,1.78158700,13002.36799623,0
1577595660000,7297.51000000,7298.16000000,7295.00000000,7295.69000000,10.48761400,1577595719999,76517.31193836,108,3.75793000,27418.86496465,0
1577595720000,7295.70000000,7295.70000000,7295.00000000,7295.01000000,4.63135400,1577595779999,33786.42688571,79,2.06246400,15045.93571653,0
1577595780000,7295.00000000,7296.31000000,7293.10000000,7295.00000000,13.45510900,1577595839999,98150.71999721,176,9.02537600,65837.28133459,0
1577595840000,7295.00000000,7297.33000000,7294.29000000,7296.77000000,10.62892600,1577595899999,77547.38749318,149,8.42215600,61447.82550434,0
1577595900000,7296.92000000,7298.31000000,7296.51000000,7298.11000000,4.55149000,1577595959999,33212.58393496,50,2.68500700,19592.66656441,0
1577595960000,7298.24000000,7299.03000000,7297.33000000,7297.34000000,6.90121000,1577596019999,50368.05058322,55,5.45665100,39825.33161215,0
1577596020000,7297.34000000,7298.18000000,7296.81000000,7298.03000000,10.61496800,1577596079999,77464.55365964,120,7.65234200,55846.05362349,0
1577596080000,7297.02000000,7298.03000000,7297.02000000,7297.97000000,6.73511700,1577596139999,49150.78221941,53,3.36929100,24588.67867804,0
1577596140000,7298.00000000,7299.18000000,7297.16000000,7299.18000000,6.65241400,1577596199999,48553.85957602,88,5.54204300,40450.01518555,0
1577596200000,7299.18000000,7299.18000000,7298.06000000,7298.87000000,7.20930000,1577596259999,52618.42034040,77,5.12769000,37425.49187060,0
1577596260000,7298.28000000,7299.10000000,7293.10000000,7294.18000000,11.05422200,1577596319999,80653.38846757,153,3.26593800,23826.07784563,0
1577596320000,7294.18000000,7295.26000000,7293.55000000,7294.06000000,2.15609200,1577596379999,15727.00819844,33,0.30669000,2237.10285747,0
1577596380000,7293.71000000,7294.68000000,7293.55000000,7294.66000000,3.66053600,1577596439999,26700.17086702,66,2.17915600,15895.29637254,0
1577596440000,7294.67000000,7295.30000000,7293.01000000,7295.30000000,5.15114800,1577596499999,37573.13823356,65,2.20880200,16110.79137862,0
1577596500000,7295.54000000,7298.24000000,7295.54000000,7297.78000000,8.75464700,1577596559999,63884.41075587,86,4.31192200,31465.53550595,0
1577596560000,7297.85000000,7298.10000000,7296.22000000,7297.00000000,6.28590400,1577596619999,45869.26659704,62,3.57830600,26110.15760896,0
1577596620000,7296.99000000,7298.24000000,7296.71000000,7297.32000000,5.79654800,1577596679999,42301.98917282,69,3.92075100,28612.26809386,0
1577596680000,7297.74000000,7298.23000000,7294.82000000,7295.52000000,4.92012600,1577596739999,35898.47249742,69,1.98901500,14512.57563821,0
1577596740000,7295.55000000,7297.34000000,7295.49000000,7295.59000000,15.61129400,1577596799999,113909.43771157,98,11.39422900,83140.97801171,0
1577596800000,7296.88000000,7298.22000000,7295.73000000,7297.32000000,6.68499200,1577596859999,48779.37726149,73,3.50318300,25564.02404219,0
1577596860000,7298.22000000,7298.24000000,7297.29000000,7298.23000000,3.43466700,1577596919999,25065.69845310,45,2.64659500,19314.71658055,0
1577596920000,7297.13000000,7297.80000000,7296.27000000,7296.27000000,8.50122300,1577596979999,62029.05004133,89,2.30738800,16836.75337699,0
1577596980000,7296.28000000,7297.50000000,7295.65000000,7296.66000000,6.56247600,1577597039999,47881.65501356,76,1.98021400,14448.72894519,0
1577597040000,7296.09000000,7296.09000000,7293.00000000,7294.03000000,3.15227100,1577597099999,22993.94353721,70,0.81352900,5934.41648837,0
1577597100000,7293.48000000,7296.58000000,7292.84000000,7296.45000000,9.42428500,1577597159999,68742.74819599,134,5.60717100,40903.34080068,0
1577597160000,7296.58000000,7296.58000000,7295.93000000,7296.57000000,3.03596000,1577597219999,22151.95343186,74,1.73162800,12634.85998846,0
1577597220000,7296.57000000,7296.58000000,7293.58000000,7293.58000000,3.74929000,1577597279999,27348.67097641,60,2.62542500,19150.16792846,0
1577597280000,7293.69000000,7295.80000000,7293.39000000,7295.23000000,8.44550000,1577597339999,61604.88803427,89,3.46715700,25289.55429811,0
1577597340000,7295.24000000,7295.98000000,7294.26000000,7294.27000000,4.29166400,1577597399999,31308.41537629,59,2.26666900,16534.81677498,0
1577597400000,7294.27000000,7296.54000000,7294.27000000,7295.79000000,5.24139800,1577597459999,38237.73029333,69,2.24213000,16356.36356327,0
1577597460000,7295.79000000,7296.56000000,7295.30000000,7295.58000000,2.53348500,1577597519999,18483.34350528,54,1.06044700,7736.65400072,0
1577597520000,7295.34000000,7295.42000000,7294.72000000,7295.03000000,1.80933300,1577597579999,13199.12462189,37,1.70397900,12430.55772459,0
1577597580000,7295.03000000,7297.92000000,7295.03000000,7297.02000000,4.40695000,1577597639999,32156.14603183,71,3.72670200,27192.44854185,0
1577597640000,7297.58000000,7300.00000000,7297.58000000,7299.28000000,13.81154900,1577597699999,100810.97135759,149,8.16322000,59585.95655033,0
1577597700000,7299.29000000,7301.82000000,7298.50000000,7300.88000000,8.90720300,1577597759999,65024.98097457,98,3.76614700,27493.96124530,0
1577597760000,7300.94000000,7303.10000000,7299.93000000,7303.10000000,14.63551200,1577597819999,106859.58660802,96,12.68392200,92611.06130846,0
1577597820000,7303.10000000,7303.21000000,7300.00000000,7300.04000000,8.46916200,1577597879999,61837.51415075,135,4.57533200,33408.44576821,0
1577597880000,7301.16000000,7303.33000000,7300.42000000,7303.33000000,5.79550200,1577597939999,42318.14371145,88,3.58006300,26142.05035390,0
1577597940000,7302.04000000,7304.98000000,7301.65000000,7302.99000000,8.18755900,1577597999999,59794.88501171,147,4.24872100,31029.96630643,0
1577598000000,7304.43000000,7304.43000000,7300.51000000,7301.96000000,13.03877500,1577598059999,95217.86111943,180,5.94153600,43391.07241185,0
1577598060000,7301.84000000,7302.96000000,7300.63000000,7302.09000000,4.73271300,1577598119999,34556.03619612,87,2.95970800,21610.41402028,0
1577598120000,7301.99000000,7304.82000000,7301.24000000,7304.82000000,3.85168000,1577598179999,28126.21742968,66,2.67985100,19569.16934831,0
1577598180000,7304.80000000,7307.63000000,7303.74000000,7307.11000000,14.61908800,1577598239999,106803.41320625,141,10.58090300,77305.06511796,0
1577598240000,7307.08000000,7309.82000000,7305.65000000,7309.59000000,6.72432400,1577598299999,49141.20296290,146,3.34874500,24473.98926659,0
1577598300000,7309.58000000,7309.80000000,7305.85000000,7306.67000000,8.62140600,1577598359999,63006.03929619,131,2.92159800,21350.74719622,0
1577598360000,7307.03000000,7309.05000000,7306.48000000,7308.83000000,4.25068700,1577598419999,31063.07561584,82,1.41576700,10346.19737298,0
1577598420000,7308.29000000,7308.85000000,7304.41000000,7304.42000000,2.90040400,1577598479999,21195.02913082,85,1.08674000,7941.70113573,0
1577598480000,7304.87000000,7307.52000000,7304.68000000,7307.52000000,6.38083400,1577598539999,46613.58707557,67,3.16434400,23115.96486619,0
1577598540000,7307.29000000,7308.38000000,7303.71000000,7303.81000000,3.90236800,1577598599999,28512.19988918,66,2.24552800,16406.22340597,0
1577598600000,7303.89000000,7308.50000000,7303.81000000,7307.85000000,3.64411300,1577598659999,26627.66386103,63,2.90550500,21230.32242906,0
1577598660000,7307.85000000,7308.62000000,7305.78000000,7308.53000000,6.12944300,1577598719999,44790.70363982,114,2.63401900,19248.76936477,0
1577598720000,7308.53000000,7308.53000000,7305.10000000,7306.69000000,3.49891100,1577598779999,25567.19770174,79,2.53016400,18488.23250264,0
1577598780000,7307.42000000,7309.99000000,7306.33000000,7309.99000000,3.67554000,1577598839999,26860.56517775,67,2.22613000,16269.00462892,0
1577598840000,7309.98000000,7312.44000000,7309.37000000,7311.60000000,9.41684700,1577598899999,68844.09802159,107,7.98924500,58406.65511079,0
1577598900000,7311.60000000,7312.50000000,7310.10000000,7311.90000000,2.93130300,1577598959999,21432.03353161,59,1.34207000,9812.66291998,0
1577598960000,7312.48000000,7313.74000000,7311.63000000,7313.52000000,6.18886300,1577599019999,45257.35001109,111,4.31256100,31536.70152632,0
1577599020000,7313.72000000,7314.09000000,7313.50000000,7313.50000000,7.24623900,1577599079999,52996.52670513,95,2.66464500,19488.77552402,0
1577599080000,7313.50000000,7316.14000000,7313.50000000,7316.02000000,5.61451600,1577599139999,41068.55325254,124,3.89117200,28463.65702732,0
1577599140000,7316.12000000,7319.00000000,7315.01000000,7318.00000000,15.13651500,1577599199999,110757.80133046,254,7.75214500,56726.84165733,0
1577599200000,7318.02000000,7320.34000000,7314.70000000,7316.41000000,26.72454700,1577599259999,195570.94642226,353,16.21273600,118652.35508922,0
1577599260000,7316.52000000,7316.52000000,7315.01000000,7315.48000000,12.54422800,1577599319999,91771.70589920,81,7.98270300,58400.36551693,0
1577599320000,7315.01000000,7315.01000000,7312.26000000,7313.03000000,12.71844500,1577599379999,93019.14524972,161,1.71274400,12525.73568176,0
1577599380000,7312.89000000,7319.66000000,7312.88000000,7318.92000000,8.18025700,1577599439999,59847.99594827,140,5.73059400,41930.23832360,0
1577599440000,7319.58000000,7320.70000000,7317.01000000,7317.95000000,10.16035200,1577599499999,74364.21800422,134,3.67596900,26904.80107588,0
1577599500000,7317.91000000,7320.00000000,7317.00000000,7320.00000000,13.33044900,1577599559999,97556.04483654,138,11.00113700,80510.80923700,0
1577599560000,7319.09000000,7323.02000000,7319.02000000,7323.00000000,7.99742000,1577599619999,58556.74585803,155,4.84042500,35441.48448266,0
1577599620000,7323.00000000,7323.99000000,7318.23000000,7318.67000000,17.44364700,1577599679999,127725.84426524,172,7.08405200,51876.60640562,0
1577599680000,7319.21000000,7319.21000000,7316.20000000,7316.89000000,9.09620000,1577599739999,66565.33664274,152,1.61615800,11826.68315584,0
1577599740000,7316.89000000,7318.01000000,7315.40000000,7315.43000000,6.87278300,1577599799999,50285.97889809,110,2.51178700,18376.14966638,0
1577599800000,7315.50000000,7318.32000000,7314.70000000,7318.30000000,8.62768800,1577599859999,63127.96785579,107,6.08420400,44519.52601225,0
1577599860000,7318.32000000,7319.80000000,7317.28000000,7319.79000000,10.07739100,1577599919999,73756.72048080,149,9.40266200,68818.70400546,0
1577599920000,7318.86000000,7320.18000000,7318.69000000,7319.55000000,12.37304900,1577599979999,90563.17862066,82,8.11126100,59371.40744572,0
1577599980000,7319.51000000,7322.97000000,7319.00000000,7322.96000000,12.30762200,1577600039999,90097.43569878,114,9.12000900,66764.20850055,0
1577600040000,7322.71000000,7322.85000000,7320.00000000,7321.58000000,8.78009100,1577600099999,64282.11892226,148,5.45399200,39929.78952632,0
1577600100000,7321.58000000,7322.00000000,7317.31000000,7319.02000000,17.23715000,1577600159999,126162.04215400,184,4.90980200,35941.71459220,0
1577600160000,7318.75000000,7319.28000000,7316.23000000,7317.15000000,10.68188600,1577600219999,78171.15531796,196,3.11668100,22807.73515906,0
1577600220000,7317.16000000,7317.16000000,7314.50000000,7314.99000000,13.74757300,1577600279999,100568.47058488,118,3.64670300,26676.15182080,0
1577600280000,7314.99000000,7317.98000000,7314.99000000,7317.98000000,6.62577200,1577600339999,48481.04790377,96,2.16974000,15876.66683926,0
1577600340000,7317.89000000,7317.89000000,7315.97000000,7317.07000000,9.38509800,1577600399999,68663.50424742,98,6.25952000,45795.57578430,0
1577600400000,7316.67000000,7318.84000000,7316.53000000,7318.27000000,7.88426700,1577600459999,57694.60331508,82,4.43049100,32421.99364975,0
1577600460000,7318.27000000,7319.56000000,7317.77000000,7318.03000000,6.62838200,1577600519999,48510.84515294,83,2.52005100,18443.81521007,0
1577600520000,7318.00000000,7318.48000000,7315.18000000,7316.31000000,6.77912700,1577600579999,49597.51252149,89,2.02631200,14826.59536171,0
1577600580000,7316.31000000,7316.56000000,7312.72000000,7313.92000000,7.45091800,1577600639999,54502.85078209,108,4.41625700,32303.69774234,0
1577600640000,7313.90000000,7313.90000000,7311.95000000,7312.09000000,8.45759700,1577600699999,61853.48651324,114,2.36187500,17272.69449859,0
1577600700000,7312.01000000,7312.95000000,7308.35000000,7308.95000000,12.14495200,1577600759999,88789.77356354,123,4.79468000,35056.82871626,0
1577600760000,7310.39000000,7311.00000000,7306.47000000,7311.00000000,13.34246000,1577600819999,97515.61667454,151,9.89111500,72293.86139087,0
1577600820000,7311.00000000,7313.97000000,7310.53000000,7311.45000000,5.23779900,1577600879999,38297.72669351,133,3.72896300,27265.20242237,0
1577600880000,7311.49000000,7314.63000000,7309.24000000,7309.25000000,7.24621900,1577600939999,52987.22944544,146,2.94041100,21503.77483888,0
1577600940000,7308.16000000,7309.29000000,7307.04000000,7308.22000000,4.08611500,1577600999999,29860.73644647,87,2.36743700,17300.26632319,0
1577601000000,7308.23000000,7312.08000000,7308.23000000,7311.52000000,7.95130300,1577601059999,58127.16106920,98,4.18264100,30573.27057085,0
1577601060000,7311.77000000,7312.04000000,7310.31000000,7310.91000000,4.72107900,1577601119999,34515.59745038,57,2.17755000,15920.00549897,0
1577601120000,7310.91000000,7314.74000000,7310.69000000,7313.68000000,6.85581200,1577601179999,50132.31837840,89,5.29100200,38691.03000731,0
1577601180000,7314.38000000,7315.59000000,7313.12000000,7313.19000000,6.07893400,1577601239999,44462.52389411,113,4.39195200,32123.51687933,0
1577601240000,7314.01000000,7314.11000000,7313.17000000,7314.11000000,3.46556900,1577601299999,25345.89411619,63,1.59920400,11696.12080927,0
1577601300000,7314.11000000,7315.33000000,7314.10000000,7315.00000000,5.58723900,1577601359999,40870.07545855,66,4.03516700,29516.94657785,0
1577601360000,7315.00000000,7316.97000000,7314.99000000,7316.02000000,10.33237800,1577601419999,75585.29332515,76,8.79206000,64315.41205226,0
1577601420000,7316.15000000,7318.27000000,7316.02000000,7317.81000000,3.83437700,1577601479999,28056.34118342,67,3.15289600,23070.03484197,0
1577601480000,7317.80000000,7317.80000000,7313.08000000,7315.85000000,6.42077900,1577601539999,46966.04769394,102,3.09223200,22618.84102719,0
1577601540000,7315.80000000,7315.84000000,7314.95000000,7315.11000000,2.01861300,1577601599999,14767.36371413,43,0.57712800,4222.02444568,0
1577601600000,7315.57000000,7315.57000000,7312.55000000,7312.75000000,2.97100900,1577601659999,21729.68996672,56,0.92073800,6733.98831080,0
1577601660000,7312.88000000,7312.88000000,7309.69000000,7309.84000000,12.77170000,1577601719999,93371.78307078,71,1.92981100,14107.88580187,0
1577601720000,7310.78000000,7311.41000000,7310.20000000,7310.61000000,5.66012200,1577601779999,41380.28005618,86,2.08686300,15257.07316959,0
1577601780000,7310.63000000,7313.17000000,7310.61000000,7312.98000000,3.67661800,1577601839999,26885.74364933,53,2.03352800,14870.17029623,0
1577601840000,7312.70000000,7315.80000000,7311.89000000,7315.79000000,10.17380300,1577601899999,74412.87406144,130,6.57204500,48066.82352217,0
1577601900000,7314.79000000,7315.77000000,7313.96000000,7315.11000000,6.41765500,1577601959999,46941.08024467,95,4.95617000,36251.15846225,0
1577601960000,7314.37000000,7315.10000000,7311.12000000,7312.52000000,5.18591400,1577602019999,37925.84226017,83,3.68901700,26979.00612720,0
1577602020000,7312.50000000,7313.20000000,7311.28000000,7312.58000000,5.17778400,1577602079999,37858.79039322,100,2.05954700,15058.82293421,0
1577602080000,7312.00000000,7314.75000000,7312.00000000,7313.55000000,7.31200400,1577602139999,53479.36781544,94,3.96209900,28979.51387069,0
1577602140000,7312.85000000,7313.43000000,7312.08000000,7312.46000000,2.77718800,1577602199999,20309.25545308,73,1.31839100,9641.36803261,0
1577602200000,7312.46000000,7312.68000000,7309.01000000,7310.01000000,5.71980200,1577602259999,41812.23117079,67,2.47956500,18125.22935413,0
1577602260000,7310.10000000,7311.11000000,7309.22000000,7310.00000000,5.01343700,1577602319999,36649.91455483,76,0.85023900,6215.34823357,0
1577602320000,7309.31000000,7311.03000000,7309.31000000,7310.41000000,3.52825100,1577602379999,25791.01086772,90,2.64424600,19328.96276682,0
1577602380000,7310.42000000,7311.05000000,7309.41000000,7309.46000000,5.79856900,1577602439999,42386.91071877,101,1.31126500,9584.97705516,0
1577602440000,7309.64000000,7313.53000000,7309.01000000,7312.51000000,7.90806800,1577602499999,57813.71796980,90,5.70853500,41735.94359203,0
1577602500000,7313.07000000,7313.52000000,7311.60000000,7313.40000000,12.83960800,1577602559999,93888.41621552,226,10.27855000,75161.45749019,0
1577602560000,7313.45000000,7314.15000000,7312.38000000,7313.23000000,5.96691700,1577602619999,43638.56030743,76,3.54407300,25919.54010874,0
1577602620000,7313.02000000,7316.63000000,7312.54000000,7316.61000000,6.70884700,1577602679999,49068.29645475,117,5.56557800,40706.36431689,0
1577602680000,7316.61000000,7322.00000000,7315.57000000,7321.87000000,13.55888900,1577602739999,99240.03721375,172,9.12186200,66765.21452372,0
1577602740000,7321.96000000,7323.58000000,7317.85000000,7318.20000000,12.89494500,1577602799999,94406.68866103,150,7.44360900,54498.91547946,0
1577602800000,7318.20000000,7321.41000000,7317.15000000,7321.37000000,6.69006400,1577602859999,48971.79268185,131,2.67170700,19557.63540029,0
1577602860000,7321.37000000,7322.59000000,7320.00000000,7321.71000000,8.72490200,1577602919999,63878.50182274,114,4.87370900,35682.15632148,0
1577602920000,7321.72000000,7322.69000000,7319.84000000,7320.91000000,8.61938800,1577602979999,63106.65610342,124,5.34654600,39145.37799640,0
1577602980000,7320.53000000,7320.54000000,7314.73000000,7314.73000000,11.16418900,1577603039999,81704.76442400,172,4.30497400,31505.68442520,0
1577603040000,7315.81000000,7317.31000000,7314.14000000,7317.31000000,7.93133600,1577603099999,58022.39493831,148,1.85503700,13570.94587878,0
1577603100000,7316.09000000,7319.24000000,7316.09000000,7318.11000000,8.50025500,1577603159999,62204.03545742,106,6.60723300,48351.34053687,0
1577603160000,7318.11000000,7321.98000000,7318.11000000,7321.02000000,7.77598800,1577603219999,56923.79199183,83,5.74036600,42022.07876633,0
1577603220000,7321.56000000,7321.56000000,7317.40000000,7317.94000000,9.41224900,1577603279999,68898.82977749,96,2.49129800,18237.47852202,0
1577603280000,7318.11000000,7318.49000000,7314.74000000,7315.62000000,6.60476200,1577603339999,48326.45017852,98,0.97358700,7123.79818825,0
1577603340000,7315.52000000,7317.37000000,7315.00000000,7315.23000000,10.10283500,1577603399999,73909.65088292,115,2.15781900,15786.07843711,0
1577603400000,7316.00000000,7317.42000000,7315.22000000,7317.40000000,3.96956600,1577603459999,29043.51684153,82,1.30423300,9542.45061037,0
1577603460000,7317.40000000,7319.13000000,7316.78000000,7318.67000000,6.09602100,1577603519999,44612.85110940,117,4.14275900,30318.90574196,0
1577603520000,7318.36000000,7319.07000000,7316.43000000,7317.68000000,4.20006500,1577603579999,30735.32263300,84,2.40799000,17621.47492549,0
1577603580000,7317.69000000,7319.90000000,7317.68000000,7319.30000000,7.20403100,1577603639999,52723.42849297,87,4.43915800,32489.23244513,0
1577603640000,7319.56000000,7323.39000000,7319.49000000,7321.96000000,6.88690200,1577603699999,50416.84887527,122,5.32279000,38966.25892871,0
1577603700000,7321.93000000,7322.00000000,7320.35000000,7320.39000000,10.34550100,1577603759999,75744.28988476,176,7.98239200,58443.15513580,0
1577603760000,7321.13000000,7321.36000000,7320.05000000,7320.78000000,6.59253100,1577603819999,48261.48970641,116,5.25105800,38441.47930447,0
1577603820000,7320.78000000,7321.09000000,7317.03000000,7317.46000000,9.89727100,1577603879999,72441.14530020,108,5.35004600,39157.07288458,0
1577603880000,7317.88000000,7318.98000000,7316.30000000,7316.47000000,4.87549900,1577603939999,35677.37369695,90,1.78924200,13092.58562992,0
1577603940000,7316.46000000,7316.46000000,7313.87000000,7314.13000000,5.17653200,1577603999999,37866.72423387,85,1.41985600,10385.82108954,0
1577604000000,7314.13000000,7316.30000000,7314.12000000,7315.65000000,5.01208100,1577604059999,36660.73285407,117,2.08550900,15254.48978363,0
1577604060000,7315.18000000,7316.73000000,7315.00000000,7316.69000000,6.72555400,1577604119999,49202.22755407,84,3.10290000,22700.84700662,0
1577604120000,7315.51000000,7316.72000000,7315.50000000,7315.56000000,10.45554100,1577604179999,76491.28292859,102,7.90198800,57809.26383337,0
1577604180000,7315.51000000,7317.11000000,7315.50000000,7317.11000000,8.04359000,1577604239999,58847.39131932,105,4.90761200,35905.03622694,0
1577604240000,7317.11000000,7317.52000000,7315.51000000,7315.89000000,4.90799900,1577604299999,35908.71765075,90,3.20062700,23417.21309973,0
1577604300000,7316.05000000,7318.00000000,7315.00000000,7316.07000000,16.13486500,1577604359999,118043.38292738,108,2.74658100,20096.82924941,0
1577604360000,7316.07000000,7319.02000000,7315.95000000,7316.87000000,10.46582600,1577604419999,76581.37095211,120,8.72466100,63839.49799243,0
1577604420000,7316.32000000,7318.29000000,7315.50000000,7317.50000000,16.71290900,1577604479999,122281.73034529,144,4.03121000,29496.18587688,0
1577604480000,7317.00000000,7318.00000000,7316.44000000,7317.00000000,3.50281000,1577604539999,25631.08580184,58,1.88805800,13815.31843634,0
1577604540000,7317.00000000,7317.73000000,7315.00000000,7315.00000000,4.86238800,1577604599999,35575.75468664,69,2.76122600,20203.14599553,0
1577604600000,7315.01000000,7316.91000000,7313.93000000,7315.48000000,4.32740500,1577604659999,31655.09856825,62,1.12023900,8194.77896626,0
1577604660000,7316.65000000,7317.38000000,7315.10000000,7317.38000000,4.52282700,1577604719999,33092.23373762,96,2.97900700,21796.83982812,0
1577604720000,7317.57000000,7317.57000000,7314.21000000,7314.22000000,2.12542800,1577604779999,15549.55615839,55,0.80432500,5884.36299724,0
1577604780000,7314.22000000,7315.20000000,7314.00000000,7314.05000000,4.70036000,1577604839999,34380.06564049,68,2.02686300,14825.46900965,0
1577604840000,7314.03000000,7315.13000000,7313.09000000,7313.75000000,4.86572200,1577604899999,35588.06386741,76,1.72775300,12637.59642185,0
1577604900000,7313.55000000,7314.47000000,7313.00000000,7313.37000000,3.90194400,1577604959999,28537.55188875,64,2.24739500,16437.00440615,0
1577604960000,7313.00000000,7313.41000000,7312.38000000,7312.59000000,2.63964800,1577605019999,19303.19613877,55,1.20817200,8835.17996602,0
1577605020000,7312.39000000,7313.07000000,7311.11000000,7311.24000000,6.87327800,1577605079999,50256.53429072,104,2.97556100,21757.70708187,0
1577605080000,7311.13000000,7313.79000000,7311.11000000,7312.96000000,6.51932600,1577605139999,47673.78434747,72,4.89762400,35815.97986272,0
1577605140000,7313.38000000,7313.38000000,7313.03000000,7313.03000000,2.07387300,1577605199999,15166.61709791,49,1.01000000,7386.26699275,0
1577605200000,7313.03000000,7313.34000000,7313.00000000,7313.01000000,1.03209600,1577605259999,7547.78530276,35,0.41403700,3027.90310543,0
1577605260000,7313.00000000,7313.99000000,7311.50000000,7311.51000000,3.76337000,1577605319999,27519.56957675,68,1.59935800,11695.58985545,0
1577605320000,7311.51000000,7313.51000000,7311.11000000,7311.92000000,6.00462600,1577605379999,43906.25984746,91,2.84124600,20775.57534840,0
1577605380000,7311.92000000,7313.38000000,7311.83000000,7311.84000000,3.30547400,1577605439999,24170.05036300,62,1.67165500,12223.63499877,0
1577605440000,7311.84000000,7313.99000000,7311.11000000,7313.99000000,11.40708100,1577605499999,83417.70425919,112,6.77430800,49541.39302385,0
1577605500000,7313.06000000,7314.53000000,7312.66000000,7313.02000000,5.83953100,1577605559999,42709.07618277,86,3.93184800,28756.77951386,0
1577605560000,7313.47000000,7314.17000000,7313.47000000,7314.00000000,5.17941100,1577605619999,37881.17789952,46,3.06420000,22410.49970350,0
1577605620000,7314.01000000,7314.53000000,7313.01000000,7313.72000000,6.97296000,1577605679999,50999.08920351,72,3.59473000,26291.55071258,0
1577605680000,7313.81000000,7313.93000000,7311.57000000,7312.26000000,3.14957600,1577605739999,23030.97856598,83,1.61102500,11780.31000509,0
1577605740000,7312.26000000,7313.41000000,7311.80000000,7312.23000000,3.65507700,1577605799999,26728.56930601,69,0.72521700,5303.44082091,0
1577605800000,7312.22000000,7312.23000000,7311.11000000,7311.11000000,2.19468600,1577605859999,16046.49933532,59,0.93405500,6829.49807402,0
1577605860000,7311.12000000,7314.53000000,7311.12000000,7314.53000000,10.44718100,1577605919999,76391.33419635,128,6.62613500,48451.59783661,0
1577605920000,7314.53000000,7316.41000000,7314.52000000,7315.52000000,9.04712700,1577605979999,66180.84353530,138,8.09566200,59220.87921219,0
1577605980000,7315.27000000,7316.79000000,7314.82000000,7316.23000000,2.74338900,1577606039999,20070.85108148,60,0.84454400,6178.95264510,0
1577606040000,7316.27000000,7317.57000000,7316.00000000,7317.55000000,8.96060100,1577606099999,65561.07602187,111,4.72159200,34546.16747435,0
1577606100000,7316.71000000,7319.24000000,7316.71000000,7318.67000000,5.12479500,1577606159999,37505.00789533,97,3.08980100,22612.32603948,0
1577606160000,7318.79000000,7318.86000000,7313.56000000,7313.70000000,7.51468700,1577606219999,54981.17742563,129,1.86746900,13664.20424019,0
1577606220000,7313.70000000,7316.26000000,7313.70000000,7314.73000000,6.22636000,1577606279999,45547.67659727,84,2.56628300,18773.33093599,0
1577606280000,7314.73000000,7315.18000000,7313.70000000,7313.97000000,4.71450100,1577606339999,34483.31556186,68,2.19423100,16049.17604938,0
1577606340000,7314.74000000,7316.62000000,7313.92000000,7315.00000000,7.47395600,1577606399999,54673.07972183,132,2.04955300,14993.44696352,0
1577606400000,7315.50000000,7315.82000000,7315.00000000,7315.58000000,4.58988500,1577606459999,33577.21779141,85,1.30748500,9564.89729831,0
1577606460000,7315.57000000,7315.80000000,7315.57000000,7315.60000000,6.79902100,1577606519999,49739.30701453,104,1.64989600,12070.04934225,0
1577606520000,7315.59000000,7316.96000000,7315.59000000,7315.65000000,6.71993500,1577606579999,49162.58501277,136,2.37095400,17346.26700931,0
1577606580000,7315.65000000,7317.71000000,7315.60000000,7317.40000000,9.76132400,1577606639999,71413.69245179,119,4.34841500,31813.17300088,0
1577606640000,7317.40000000,7318.12000000,7316.32000000,7317.06000000,3.46150200,1577606699999,25328.41407702,76,1.43696700,10514.34719217,0
1577606700000,7317.47000000,7324.00000000,7317.06000000,7319.83000000,36.71557200,1577606759999,268807.30030801,267,18.86635700,138125.16734725,0
1577606760000,7320.19000000,7322.55000000,7317.60000000,7321.16000000,10.01709600,1577606819999,73333.19370502,147,5.91680500,43314.84095672,0
1577606820000,7321.71000000,7327.58000000,7321.36000000,7325.28000000,20.86383900,1577606879999,152836.30205540,266,12.00892500,87969.51362921,0
1577606880000,7325.29000000,7325.49000000,7323.00000000,7324.08000000,7.07291700,1577606939999,51802.97217379,127,2.04345600,14966.17113141,0
1577606940000,7324.08000000,7333.16000000,7322.15000000,7328.41000000,33.21125000,1577606999999,243405.09254903,384,20.20783000,148123.52738428,0
1577607000000,7328.48000000,7332.06000000,7325.50000000,7326.80000000,17.57954100,1577607059999,128845.04487810,282,4.98433800,36533.96012438,0
1577607060000,7326.68000000,7326.80000000,7321.76000000,7322.21000000,16.07408500,1577607119999,117733.53642816,236,4.52456700,33139.30389058,0
1577607120000,7322.66000000,7330.13000000,7320.58000000,7326.67000000,24.10285000,1577607179999,176578.07504911,246,16.43170700,120395.46210224,0
1577607180000,7326.66000000,7335.74000000,7326.66000000,7332.13000000,40.10696300,1577607239999,294025.08697511,248,34.46164900,252632.20349609,0
1577607240000,7331.94000000,7333.13000000,7327.46000000,7328.48000000,32.38992800,1577607299999,237445.28545614,166,24.01165200,176038.46386723,0
1577607300000,7328.67000000,7333.15000000,7327.56000000,7329.48000000,35.35597800,1577607359999,259171.02800417,242,24.63552600,180596.07913866,0
1577607360000,7329.48000000,7329.85000000,7326.21000000,7327.19000000,21.18160600,1577607419999,155214.09975181,201,12.10365900,88695.15932541,0
1577607420000,7326.60000000,7330.61000000,7325.62000000,7326.28000000,29.91243800,1577607479999,219176.80471373,215,20.41970500,149627.62874289,0
1577607480000,7326.20000000,7332.42000000,7325.91000000,7328.38000000,41.61631000,1577607539999,305034.04974512,281,33.02108700,242040.94153656,0
1577607540000,7327.65000000,7333.26000000,7324.21000000,7324.21000000,18.02590500,1577607599999,132125.69906125,138,12.25370300,89831.71163767,0
1577607600000,7324.21000000,7330.08000000,7322.19000000,7323.83000000,37.40298700,1577607659999,274007.75152246,322,23.18360600,169863.25713637,0
1577607660000,7323.84000000,7328.82000000,7322.60000000,7323.80000000,13.94957300,1577607719999,102182.14316369,188,7.23961000,53035.67112288,0
1577607720000,7323.67000000,7327.27000000,7323.66000000,7324.58000000,20.33893800,1577607779999,148987.68676000,157,11.21937600,82189.60407516,0
1577607780000,7324.62000000,7325.48000000,7321.19000000,7323.78000000,15.03223400,1577607839999,110086.94377756,188,6.09995300,44675.78833205,0
1577607840000,7323.87000000,7325.89000000,7322.42000000,7323.88000000,9.25538600,1577607899999,67790.28384825,127,3.78953500,27755.85585504,0
1577607900000,7323.48000000,7325.13000000,7321.61000000,7321.95000000,13.53244900,1577607959999,99103.48220942,106,4.28748100,31397.05764473,0
1577607960000,7321.88000000,7322.65000000,7321.37000000,7321.61000000,6.80808700,1577608019999,49848.50356489,80,3.21307200,23526.09345351,0
1577608020000,7321.66000000,7324.27000000,7321.00000000,7323.53000000,8.54127100,1577608079999,62551.83583329,92,5.60668900,41061.28699330,0
1577608080000,7323.43000000,7326.51000000,7323.32000000,7326.49000000,9.72050000,1577608139999,71201.21079435,102,6.51282100,47705.78373027,0
1577608140000,7326.23000000,7328.02000000,7325.43000000,7327.60000000,9.99939400,1577608199999,73263.57180447,128,5.76828600,42262.67683103,0
1577608200000,7328.16000000,7328.18000000,7327.04000000,7328.17000000,3.38684700,1577608259999,24818.65275000,63,2.39405300,17543.60355375,0
1577608260000,7328.18000000,7328.18000000,7325.09000000,7325.09000000,10.43823700,1577608319999,76486.27424670,78,2.43802000,17864.95026268,0
1577608320000,7325.08000000,7328.07000000,7325.08000000,7326.86000000,11.84566600,1577608379999,86796.67917950,101,7.71350900,56520.55820059,0
1577608380000,7326.96000000,7328.39000000,7326.93000000,7328.37000000,9.38639700,1577608439999,68783.54152524,79,5.60907900,41103.08682262,0
1577608440000,7328.37000000,7329.00000000,7325.35000000,7326.60000000,5.97868900,1577608499999,43803.67276456,78,1.90589200,13963.81555819,0
1577608500000,7326.84000000,7329.00000000,7325.94000000,7326.97000000,12.43799500,1577608559999,91139.16085550,123,5.30622500,38881.49628121,0
1577608560000,7325.75000000,7328.53000000,7325.38000000,7327.00000000,25.77680400,1577608619999,188869.75096610,338,6.18450600,45315.17833117,0
1577608620000,7327.00000000,7327.15000000,7324.57000000,7325.34000000,16.49027000,1577608679999,120815.78379758,246,4.11850800,30173.31177354,0
1577608680000,7325.34000000,7330.44000000,7325.34000000,7329.93000000,15.95485000,1577608739999,116913.55812002,213,8.31394000,60930.09914076,0
1577608740000,7329.54000000,7330.27000000,7327.74000000,7329.88000000,12.13098400,1577608799999,88907.34162388,113,5.65004400,41410.61362533,0
1577608800000,7329.84000000,7335.62000000,7328.79000000,7330.93000000,22.01395900,1577608859999,161417.08518688,229,13.99169300,102592.29902960,0
1577608860000,7331.91000000,7343.59000000,7330.93000000,7339.93000000,67.48171900,1577608919999,495278.37082737,702,37.07664100,272110.43353645,0
1577608920000,7339.93000000,7348.00000000,7338.38000000,7347.31000000,27.71000700,1577608979999,203478.40838746,367,17.43343500,128031.57088671,0
1577608980000,7346.95000000,7347.65000000,7343.46000000,7344.30000000,45.41786000,1577609039999,333612.49612785,467,16.09530500,118228.40269122,0
1577609040000,7344.44000000,7344.44000000,7338.82000000,7341.94000000,56.05945400,1577609099999,411522.88870443,549,30.75190100,225742.90091979,0
1577609100000,7341.96000000,7348.00000000,7340.86000000,7342.98000000,34.42221500,1577609159999,252830.71171360,316,19.51879000,143372.90877259,0
1577609160000,7343.07000000,7343.26000000,7338.14000000,7338.14000000,17.88931000,1577609219999,131337.02989587,176,5.63902700,41401.94063435,0
1577609220000,7338.15000000,7339.53000000,7334.96000000,7335.73000000,13.35567500,1577609279999,97992.60500509,146,5.78452700,42441.59033239,0
1577609280000,7335.53000000,7344.01000000,7335.10000000,7343.40000000,21.78188900,1577609339999,159872.69684257,232,11.98880900,87998.33405978,0
1577609340000,7343.00000000,7348.00000000,7343.00000000,7346.62000000,11.46428100,1577609399999,84199.77339085,133,7.36041200,54058.83834868,0
1577609400000,7346.70000000,7360.67000000,7343.72000000,7356.40000000,170.79088600,1577609459999,1256032.71279995,1005,92.83282500,682592.19646613,0
1577609460000,7356.30000000,7359.99000000,7352.02000000,7354.54000000,31.11471500,1577609519999,228879.29301054,300,12.34426700,90814.16593020,0
1577609520000,7354.05000000,7354.38000000,7345.19000000,7345.31000000,46.36180900,1577609579999,340805.46135640,365,20.16624700,148241.28442402,0
1577609580000,7346.38000000,7352.46000000,7345.53000000,7345.98000000,45.50124100,1577609639999,334375.81558920,304,24.75929900,181953.10471815,0
1577609640000,7345.90000000,7352.58000000,7343.01000000,7351.28000000,23.43132300,1577609699999,172144.11178484,214,10.97437500,80634.66333602,0
1577609700000,7351.85000000,7352.33000000,7345.25000000,7345.25000000,19.66113300,1577609759999,144494.98671996,172,4.76510000,35032.44851036,0
1577609760000,7345.85000000,7352.20000000,7345.00000000,7351.17000000,28.98871000,1577609819999,213024.94401508,165,9.57288100,70354.03890432,0
1577609820000,7351.18000000,7354.22000000,7350.25000000,7354.19000000,21.58136800,1577609879999,158686.80066571,147,14.43765100,106162.04528350,0
1577609880000,7354.14000000,7354.19000000,7348.01000000,7351.43000000,24.06898200,1577609939999,176899.93663538,196,7.33811900,53941.96461570,0
1577609940000,7350.30000000,7354.99000000,7350.30000000,7354.59000000,13.50883200,1577609999999,99338.70423487,149,10.19683000,74983.90862485,0
1577610000000,7353.89000000,7359.59000000,7351.64000000,7354.06000000,49.11159700,1577610059999,361318.14269053,374,22.27068400,163853.10386698,0
1577610060000,7353.01000000,7353.72000000,7345.00000000,7345.00000000,38.64700100,1577610119999,284023.86944380,363,12.09562600,88895.05290849,0
1577610120000,7345.00000000,7345.82000000,7328.01000000,7330.84000000,133.80432400,1577610179999,981821.83725831,847,52.67678700,386512.52135471,0
1577610180000,7332.02000000,7341.22000000,7325.09000000,7329.84000000,61.34112000,1577610239999,449812.81848410,528,19.30637400,141582.28263655,0
1577610240000,7330.78000000,7336.02000000,7329.90000000,7334.54000000,15.78159000,1577610299999,115717.06913919,172,9.33035600,68420.08031912,0
1577610300000,7334.56000000,7334.58000000,7324.00000000,7324.69000000,41.72748600,1577610359999,305740.56064954,353,17.50529000,128266.98451980,0
1577610360000,7324.08000000,7330.77000000,7324.02000000,7327.79000000,13.73994100,1577610419999,100688.13621939,110,9.50089900,69624.14452271,0
1577610420000,7328.47000000,7331.63000000,7327.82000000,7331.37000000,9.34227000,1577610479999,68482.63741189,108,6.67040600,48896.66825124,0
1577610480000,7330.92000000,7334.50000000,7330.92000000,7333.65000000,8.65184800,1577610539999,63441.15307771,102,4.58885800,33648.90136988,0
1577610540000,7334.05000000,7337.48000000,7333.76000000,7336.21000000,17.54793700,1577610599999,128729.24940490,259,11.69021900,85760.16600049,0
1577610600000,7335.43000000,7335.64000000,7328.21000000,7329.16000000,16.74489800,1577610659999,122763.48539822,151,5.14975200,37757.85117166,0
1577610660000,7329.07000000,7331.74000000,7327.63000000,7327.85000000,17.98938200,1577610719999,131857.90453406,179,6.54681900,47988.24390386,0
1577610720000,7329.55000000,7330.00000000,7328.18000000,7329.02000000,10.07254000,1577610779999,73822.60314578,99,4.53824000,33261.81642212,0
1577610780000,7329.38000000,7329.42000000,7322.00000000,7324.54000000,33.11348700,1577610839999,242582.47139135,223,9.20784000,67450.79372134,0
1577610840000,7324.54000000,7325.26000000,7316.03000000,7321.56000000,36.47588000,1577610899999,267025.45813555,438,24.52983700,179572.23425629,0
1577610900000,7321.33000000,7326.44000000,7320.30000000,7325.26000000,18.20746000,1577610959999,133322.51696884,153,13.38830200,98038.94564284,0
1577610960000,7325.69000000,7326.45000000,7317.85000000,7319.32000000,24.32558300,1577611019999,178148.49893624,252,12.68334700,92894.70640459,0
1577611020000,7320.00000000,7321.35000000,7314.58000000,7321.22000000,39.65008400,1577611079999,290158.39088889,351,10.53059800,77067.40944746,0
1577611080000,7320.57000000,7321.16000000,7319.83000000,7320.59000000,9.03992900,1577611139999,66176.90145402,80,4.98086300,36463.08465320,0
1577611140000,7320.58000000,7325.12000000,7319.30000000,7325.12000000,7.97761400,1577611199999,58417.53479534,80,5.40419400,39573.89375462,0
1577611200000,7323.86000000,7327.28000000,7322.99000000,7323.73000000,10.78189700,1577611259999,78986.97872757,119,6.97168500,51072.22080771,0
1577611260000,7323.03000000,7323.43000000,7317.05000000,7318.56000000,8.87361800,1577611319999,64952.44811004,114,4.24758800,31093.38626689,0
1577611320000,7319.62000000,7319.80000000,7310.52000000,7315.29000000,36.85294800,1577611379999,269538.76691308,331,7.85439500,57446.01865135,0
1577611380000,7315.50000000,7322.11000000,7315.49000000,7319.09000000,17.46872700,1577611439999,127852.71992954,214,9.66305100,70724.68394980,0
1577611440000,7318.58000000,7318.58000000,7312.09000000,7313.60000000,15.20067500,1577611499999,111189.33593883,118,8.28829800,60624.41296209,0
1577611500000,7314.60000000,7316.62000000,7310.44000000,7315.05000000,15.56055800,1577611559999,113788.80740137,113,6.13834500,44894.50631446,0
1577611560000,7316.54000000,7320.62000000,7315.04000000,7319.16000000,13.87668700,1577611619999,101535.66620205,164,7.77818800,56914.24638967,0
1577611620000,7319.53000000,7321.96000000,7319.00000000,7321.63000000,15.10919800,1577611679999,110606.58344320,154,10.63710900,77868.84732215,0
1577611680000,7320.92000000,7321.85000000,7318.89000000,7319.97000000,12.16403600,1577611739999,89047.98788097,101,7.38835600,54087.52594754,0
1577611740000,7319.97000000,7319.98000000,7312.46000000,7314.40000000,12.27854500,1577611799999,89820.46519851,143,4.43210000,32417.59164960,0
1577611800000,7314.92000000,7318.48000000,7314.92000000,7317.44000000,9.69400400,1577611859999,70934.56375656,118,3.59517500,26307.34279575,0
1577611860000,7317.45000000,7321.43000000,7317.44000000,7321.25000000,9.25579300,1577611919999,67752.51294961,104,8.24849400,60379.20559269,0
1577611920000,7321.27000000,7323.34000000,7320.93000000,7322.20000000,6.74963300,1577611979999,49419.68629964,93,4.43879600,32500.53840134,0
1577611980000,7321.25000000,7323.04000000,7320.24000000,7321.57000000,16.65096100,1577612039999,121904.90521985,138,7.10205500,51995.29133455,0
1577612040000,7321.28000000,7321.44000000,7315.18000000,7315.55000000,17.97699400,1577612099999,131536.75914159,185,5.26467400,38521.39115956,0
1577612100000,7315.35000000,7317.79000000,7315.35000000,7317.15000000,8.01064700,1577612159999,58606.08611690,95,3.12082200,22832.18505902,0
1577612160000,7318.33000000,7320.24000000,7317.60000000,7319.97000000,6.96836600,1577612219999,51005.17372837,97,4.62765900,33872.61757705,0
1577612220000,7320.22000000,7321.12000000,7317.49000000,7317.71000000,7.41484900,1577612279999,54269.29380400,72,3.68954900,27004.64876582,0
1577612280000,7317.71000000,7319.84000000,7317.71000000,7319.84000000,5.31963300,1577612339999,38932.13805213,105,2.78608700,20390.58154699,0
1577612340000,7319.54000000,7319.73000000,7318.65000000,7318.86000000,3.34753500,1577612399999,24500.16935857,54,2.35930200,17267.42971675,0
1577612400000,7319.05000000,7319.78000000,7318.88000000,7319.78000000,6.34913300,1577612459999,46471.48126232,78,4.30903500,31539.69873557,0
1577612460000,7319.78000000,7323.99000000,7319.78000000,7323.65000000,28.56942900,1577612519999,209173.42053521,125,24.28054300,177773.58955990,0
1577612520000,7323.93000000,7326.23000000,7323.81000000,7325.11000000,38.09438000,1577612579999,279024.79905528,171,25.66130900,187956.20698886,0
1577612580000,7325.11000000,7327.04000000,7325.06000000,7325.41000000,21.85759600,1577612639999,160127.64752704,128,6.32451900,46331.70581152,0
1577612640000,7325.41000000,7326.21000000,7317.47000000,7325.14000000,54.98198500,1577612699999,402616.92504754,228,35.75423600,261811.99540387,0
1577612700000,7325.08000000,7325.23000000,7319.54000000,7322.22000000,20.49445000,1577612759999,150072.70091991,174,3.77806200,27667.75967155,0
1577612760000,7322.26000000,7324.76000000,7322.06000000,7323.51000000,11.75264100,1577612819999,86065.40346488,159,2.08431000,15264.76302846,0
1577612820000,7323.51000000,7325.00000000,7322.85000000,7323.97000000,12.38553900,1577612879999,90703.05656882,150,3.65405700,26759.83113103,0
1577612880000,7323.99000000,7324.45000000,7320.25000000,7321.56000000,21.28109900,1577612939999,155844.33301387,176,3.90298700,28584.30197843,0
1577612940000,7321.36000000,7321.36000000,7315.42000000,7319.34000000,18.04516500,1577612999999,132059.73343505,160,7.30887800,53494.91470523,0
1577613000000,7319.32000000,7320.05000000,7317.50000000,7318.22000000,7.14549500,1577613059999,52296.27182195,77,3.93695900,28814.46982008,0
1577613060000,7319.56000000,7322.13000000,7318.18000000,7321.07000000,6.56952700,1577613119999,48089.21771670,88,3.59668000,26328.28944607,0
1577613120000,7321.76000000,7321.76000000,7319.54000000,7320.00000000,4.97156900,1577613179999,36393.07604764,81,1.59223100,11655.54433902,0
1577613180000,7320.00000000,7320.01000000,7315.18000000,7316.64000000,15.04986900,1577613239999,110128.85310722,119,1.39167300,10181.85698903,0
1577613240000,7315.52000000,7316.13000000,7313.00000000,7313.94000000,12.49806700,1577613299999,91420.96181085,169,3.12103600,22829.55878434,0
1577613300000,7315.35000000,7318.96000000,7313.04000000,7318.96000000,11.59231200,1577613359999,84812.67840903,144,6.68971500,48948.01820577,0
1577613360000,7318.31000000,7318.95000000,7315.60000000,7316.92000000,6.42389200,1577613419999,47006.35575123,157,3.33407800,24397.88880786,0
1577613420000,7316.87000000,7317.70000000,7315.67000000,7317.59000000,9.00153000,1577613479999,65861.47799141,171,4.80119100,35129.93778006,0
1577613480000,7316.67000000,7317.00000000,7308.92000000,7312.14000000,38.08331300,1577613539999,278432.99426768,251,9.29345100,67950.79982137,0
1577613540000,7311.28000000,7312.98000000,7310.86000000,7312.98000000,14.37803900,1577613599999,105130.40546072,148,6.40730900,46850.16379386,0
1577613600000,7312.99000000,7314.27000000,7312.15000000,7313.16000000,8.97525100,1577613659999,65640.96860838,124,6.56163100,47989.61068589,0
1577613660000,7314.19000000,7318.27000000,7312.94000000,7317.04000000,11.30043400,1577613719999,82669.10175450,146,7.92738100,57997.15964763,0
1577613720000,7316.98000000,7317.43000000,7312.94000000,7315.16000000,13.94642800,1577613779999,102012.28493789,163,9.89551000,72378.10553209,0
1577613780000,7314.65000000,7316.61000000,7311.36000000,7315.24000000,12.72314100,1577613839999,93059.53997065,119,7.61206900,55677.73848520,0
1577613840000,7315.91000000,7318.21000000,7315.31000000,7318.21000000,11.31933600,1577613899999,82822.28249419,150,8.11997900,59414.31699537,0
1577613900000,7317.40000000,7319.19000000,7316.92000000,7318.36000000,14.46562300,1577613959999,105859.44042435,110,9.09071500,66526.10010724,0
1577613960000,7319.32000000,7319.59000000,7317.96000000,7318.79000000,5.38868900,1577614019999,39437.94544067,71,4.41249700,32293.64881210,0
1577614020000,7318.80000000,7322.49000000,7318.80000000,7320.66000000,10.61287700,1577614079999,77699.84471464,141,8.10418400,59333.55600880,0
1577614080000,7320.65000000,7321.33000000,7320.23000000,7321.32000000,3.24627500,1577614139999,23764.17290413,78,1.92926500,14122.97411142,0
1577614140000,7321.24000000,7321.24000000,7315.24000000,7317.72000000,20.51533500,1577614199999,150139.98350127,195,5.35452600,39184.30128944,0
1577614200000,7317.31000000,7318.25000000,7315.68000000,7316.25000000,13.53118200,1577614259999,99002.71140108,140,4.23051600,30954.39981726,0
1577614260000,7315.76000000,7319.01000000,7315.70000000,7316.46000000,10.85726000,1577614319999,79440.08732741,136,6.18573000,45261.26457711,0
1577614320000,7316.16000000,7317.18000000,7315.83000000,7316.37000000,8.70141900,1577614379999,63661.42670825,72,3.29862700,24134.32263927,0
1577614380000,7317.06000000,7319.40000000,7315.60000000,7319.40000000,10.37967400,1577614439999,75949.94784635,87,8.69107700,63596.04077723,0
1577614440000,7318.01000000,7321.58000000,7318.01000000,7320.51000000,7.73808600,1577614499999,56641.91373047,129,4.84789700,35487.80638228,0
1577614500000,7320.50000000,7321.33000000,7319.69000000,7319.76000000,4.47658000,1577614559999,32771.64593600,71,2.12903900,15585.85772688,0
1577614560000,7319.69000000,7322.88000000,7319.69000000,7321.42000000,8.38111000,1577614619999,61362.71009956,103,4.70929000,34480.03042042,0
1577614620000,7321.96000000,7323.01000000,7321.59000000,7322.68000000,15.09515700,1577614679999,110525.72154818,100,12.54855100,91879.79722145,0
1577614680000,7322.20000000,7324.88000000,7321.88000000,7323.02000000,8.36121900,1577614739999,61230.66024350,97,5.56992900,40790.83757325,0
1577614740000,7323.12000000,7324.99000000,7323.02000000,7324.92000000,10.58968000,1577614799999,77556.39510004,131,5.07228900,37149.47588044,0
1577614800000,7323.88000000,7325.00000000,7323.09000000,7324.32000000,6.14184000,1577614859999,44984.21763213,77,3.16583200,23187.60066249,0
1577614860000,7323.68000000,7324.32000000,7321.64000000,7322.94000000,9.11756300,1577614919999,66770.66107985,103,5.03456100,36870.30874937,0
1577614920000,7323.06000000,7323.83000000,7321.72000000,7323.83000000,8.03623700,1577614979999,58847.68141310,121,2.68390800,19653.85839080,0
1577614980000,7323.04000000,7324.29000000,7321.98000000,7323.90000000,14.16314600,1577615039999,103723.98715862,111,5.86839800,42979.33325165,0
1577615040000,7323.57000000,7323.57000000,7321.30000000,7322.06000000,9.71309600,1577615099999,71116.89241044,84,2.04516300,14975.11473426,0
1577615100000,7322.06000000,7322.07000000,7320.05000000,7320.78000000,10.10241300,1577615159999,73960.24894594,140,2.34265500,17149.33461765,0
1577615160000,7320.78000000,7324.29000000,7320.78000000,7324.28000000,10.64074000,1577615219999,77915.59289837,76,7.76474800,56853.16448505,0
1577615220000,7324.28000000,7325.94000000,7324.27000000,7325.12000000,5.52471500,1577615279999,40468.65939379,92,3.06003400,22415.65005392,0
1577615280000,7324.60000000,7327.00000000,7323.56000000,7325.64000000,10.97608600,1577615339999,80408.35596164,96,8.26613800,60556.47789408,0
1577615340000,7325.18000000,7327.00000000,7323.59000000,7324.35000000,18.89572100,1577615399999,138420.93385859,168,8.40713700,61585.46853587,0
1577615400000,7324.36000000,7326.61000000,7324.36000000,7324.79000000,13.11372500,1577615459999,96062.09287315,161,5.17373200,37898.23821649,0
1577615460000,7324.95000000,7325.40000000,7324.35000000,7324.35000000,31.35396200,1577615519999,229656.82380632,244,1.88738900,13824.20941658,0
1577615520000,7324.35000000,7325.16000000,7324.35000000,7324.35000000,16.87805500,1577615579999,123621.58305640,205,4.50506300,32997.40704155,0
1577615580000,7324.35000000,7325.21000000,7324.35000000,7325.09000000,11.12542200,1577615639999,81489.06360011,184,1.13202600,8291.93926024,0
1577615640000,7325.13000000,7327.85000000,7324.36000000,7327.29000000,12.90837100,1577615699999,94579.84790206,143,7.29993600,53486.74420451,0
1577615700000,7327.49000000,7327.78000000,7326.55000000,7327.67000000,7.74510800,1577615759999,56748.40689447,79,1.52084800,11143.35952493,0
1577615760000,7327.67000000,7328.99000000,7325.03000000,7326.39000000,19.96539300,1577615819999,146297.43478634,189,4.49356700,32926.36171608,0
1577615820000,7327.10000000,7327.80000000,7325.47000000,7326.21000000,7.84626600,1577615879999,57484.69882876,107,2.56957600,18826.58151335,0
1577615880000,7326.60000000,7327.04000000,7326.16000000,7326.78000000,3.94333200,1577615939999,28890.23293513,64,1.30449300,9557.46374909,0
1577615940000,7326.60000000,7326.78000000,7324.78000000,7324.78000000,4.82189900,1577615999999,35323.08587678,72,1.28053700,9380.81886860,0
1577616000000,7324.78000000,7327.93000000,7324.70000000,7326.50000000,9.68358100,1577616059999,70944.58836479,131,4.01695200,29429.90614468,0
1577616060000,7326.55000000,7327.27000000,7326.00000000,7327.10000000,8.13447700,1577616119999,59599.06622787,104,2.81168700,20601.07344294,0
1577616120000,7326.63000000,7327.10000000,7322.15000000,7322.17000000,10.15897000,1577616179999,74423.87983027,145,1.07171900,7851.87162182,0
1577616180000,7322.43000000,7325.99000000,7322.43000000,7325.99000000,5.54468100,1577616239999,40607.71324448,92,4.15494100,30430.76931866,0
1577616240000,7326.00000000,7326.26000000,7323.93000000,7325.03000000,13.90548800,1577616299999,101863.02935544,199,3.98052900,29159.43617756,0
1577616300000,7325.03000000,7326.19000000,7323.31000000,7324.00000000,12.95645700,1577616359999,94901.13188213,137,2.02603500,14839.81252264,0
1577616360000,7324.00000000,7324.43000000,7322.40000000,7322.49000000,8.93010000,1577616419999,65395.43201935,90,2.66874200,19543.87831839,0
1577616420000,7322.53000000,7323.34000000,7321.68000000,7321.95000000,8.02343900,1577616479999,58749.27756813,94,2.29645300,16815.86388887,0
1577616480000,7323.01000000,7323.01000000,7317.93000000,7320.17000000,30.79117400,1577616539999,225389.83402296,166,5.79501500,42426.58982115,0
1577616540000,7320.93000000,7322.23000000,7319.80000000,7321.03000000,10.35643000,1577616599999,75817.03481099,103,4.88449000,35758.97816152,0
1577616600000,7321.06000000,7324.39000000,7320.49000000,7323.55000000,8.88306500,1577616659999,65050.08974534,130,6.49333500,47549.26732394,0
1577616660000,7323.96000000,7325.00000000,7323.50000000,7325.00000000,28.59126000,1577616719999,209423.91120161,104,26.88385000,196918.52239640,0
1577616720000,7324.48000000,7325.00000000,7323.54000000,7323.67000000,6.03292400,1577616779999,44186.50647113,72,2.27812100,16685.99586627,0
1577616780000,7323.99000000,7323.99000000,7322.13000000,7322.74000000,5.76647000,1577616839999,42227.96401735,85,2.50579600,18349.72023961,0
1577616840000,7322.39000000,7323.19000000,7322.35000000,7322.74000000,9.76691700,1577616899999,71520.09747044,108,2.73945400,20060.75423328,0
1577616900000,7322.74000000,7322.98000000,7322.72000000,7322.73000000,7.06731300,1577616959999,51751.99384574,161,0.18890600,1383.31351574,0
1577616960000,7322.73000000,7322.87000000,7319.80000000,7320.23000000,13.16823000,1577617019999,96420.96066021,147,5.12818200,37550.37453931,0
1577617020000,7320.19000000,7320.19000000,7318.03000000,7318.45000000,6.52896300,1577617079999,47784.15003018,78,1.76489700,12916.98555710,0
1577617080000,7319.01000000,7322.69000000,7318.12000000,7321.41000000,20.24554700,1577617139999,148223.86437902,127,15.87389500,116220.17439896,0
1577617140000,7322.18000000,7322.18000000,7321.07000000,7321.08000000,4.96032900,1577617199999,36317.31912887,81,1.61417300,11817.97757224,0
1577617200000,7321.08000000,7321.09000000,7320.64000000,7320.75000000,2.67652800,1577617259999,19594.53152118,60,1.53356700,11227.17676000,0
1577617260000,7321.09000000,7322.34000000,7320.71000000,7321.85000000,5.27463000,1577617319999,38619.66651282,73,2.87102700,21020.43355100,0
1577617320000,7321.78000000,7322.78000000,7320.98000000,7322.20000000,4.15454800,1577617379999,30419.04379168,69,1.93204000,14146.42917367,0
1577617380000,7322.61000000,7323.00000000,7321.66000000,7323.00000000,3.04452600,1577617439999,22293.31167340,49,2.10118900,15386.05301771,0
1577617440000,7323.00000000,7327.08000000,7323.00000000,7326.03000000,22.48012300,1577617499999,164660.50609241,111,19.90886000,145824.55218858,0
1577617500000,7326.03000000,7327.08000000,7323.54000000,7326.15000000,10.03914800,1577617559999,73541.07200074,147,6.69511800,49044.30797552,0
1577617560000,7326.94000000,7327.07000000,7325.79000000,7325.79000000,4.82301200,1577617619999,35334.46425906,90,1.87164500,13712.63228865,0
1577617620000,7325.79000000,7326.84000000,7325.18000000,7325.79000000,6.63831200,1577617679999,48631.97413954,99,2.63502400,19304.45725038,0
1577617680000,7326.08000000,7329.20000000,7326.01000000,7329.00000000,5.78911800,1577617739999,42419.19132029,92,2.38644500,17484.68799667,0
1577617740000,7329.14000000,7330.01000000,7327.78000000,7330.01000000,24.77381100,1577617799999,181586.95911597,150,21.71125700,159141.00152074,0
1577617800000,7330.00000000,7332.99000000,7329.97000000,7332.95000000,15.81707900,1577617859999,115966.70447215,134,13.34783100,97862.34374642,0
1577617860000,7332.80000000,7335.47000000,7332.74000000,7333.78000000,12.63319100,1577617919999,92652.09040520,159,5.73831700,42084.93905403,0
1577617920000,7333.78000000,7335.70000000,7329.97000000,7333.91000000,21.55354200,1577617979999,158055.47091345,185,3.63399900,26648.15192033,0
1577617980000,7333.49000000,7335.51000000,7333.21000000,7333.95000000,14.32483600,1577618039999,105064.70139481,132,6.29808500,46195.18625541,0
1577618040000,7333.95000000,7335.01000000,7333.94000000,7333.94000000,18.15550000,1577618099999,133153.18110846,136,7.03333900,51583.31620066,0
1577618100000,7333.95000000,7335.13000000,7332.88000000,7333.93000000,26.46505900,1577618159999,194091.61188368,212,7.45994400,54710.84200586,0
1577618160000,7333.93000000,7342.85000000,7331.54000000,7339.38000000,54.63838300,1577618219999,400862.40221623,389,40.91450300,300179.54124511,0
1577618220000,7338.63000000,7342.77000000,7337.25000000,7337.92000000,14.25098500,1577618279999,104599.41276384,166,8.96855700,65828.57184614,0
1577618280000,7338.47000000,7338.47000000,7332.81000000,7333.74000000,35.72844300,1577618339999,262091.33929067,134,19.12046100,140268.74985163,0
1577618340000,7333.85000000,7338.00000000,7333.45000000,7338.00000000,3.80840300,1577618399999,27940.53077880,66,1.42112100,10426.88635461,0
1577618400000,7337.99000000,7340.97000000,7337.99000000,7340.83000000,7.09293900,1577618459999,52060.94863447,105,4.51243300,33122.22035086,0
1577618460000,7340.80000000,7340.98000000,7335.67000000,7335.77000000,8.82356200,1577618519999,64754.42441858,90,3.20628300,23530.81275953,0
1577618520000,7336.38000000,7337.08000000,7331.68000000,7333.00000000,7.15816900,1577618579999,52501.94052209,100,2.31348100,16968.96619987,0
1577618580000,7332.37000000,7338.00000000,7332.15000000,7337.92000000,12.71012600,1577618639999,93239.35940632,133,8.66248200,63549.71202849,0
1577618640000,7337.92000000,7339.27000000,7335.01000000,7335.76000000,11.45784600,1577618699999,84076.03942881,148,6.62128100,48587.54670264,0
1577618700000,7335.54000000,7337.66000000,7335.02000000,7337.60000000,6.88010700,1577618759999,50474.90246602,92,6.59009000,48347.04246366,0
1577618760000,7337.62000000,7341.53000000,7337.62000000,7340.24000000,19.00478500,1577618819999,139499.78618585,157,11.17509800,82024.66767577,0
1577618820000,7340.24000000,7340.24000000,7337.77000000,7339.99000000,32.65672300,1577618879999,239695.18796834,181,17.71630200,130034.10641785,0
1577618880000,7339.93000000,7339.93000000,7338.07000000,7339.51000000,8.61421600,1577618939999,63219.72674618,100,5.04191600,37004.70886197,0
1577618940000,7339.82000000,7343.61000000,7337.73000000,7340.86000000,52.74092100,1577618999999,387207.03566111,356,14.78765600,108567.26140261,0
1577619000000,7340.98000000,7344.75000000,7339.06000000,7340.98000000,34.86866300,1577619059999,255987.03044209,442,17.41802000,127885.23928641,0
1577619060000,7340.99000000,7342.92000000,7338.92000000,7341.94000000,25.12509400,1577619119999,184437.86187903,191,9.39642500,68978.15533320,0
1577619120000,7341.94000000,7344.77000000,7341.23000000,7344.02000000,11.27215100,1577619179999,82778.29991111,147,7.83952100,57572.28217024,0
1577619180000,7344.56000000,7348.00000000,7344.01000000,7347.92000000,17.25994700,1577619239999,126797.76246645,251,10.89476000,80038.18946028,0
1577619240000,7347.90000000,7347.95000000,7341.52000000,7341.94000000,19.12971900,1577619299999,140495.77924479,193,7.21767500,53012.46753928,0
1577619300000,7341.95000000,7342.62000000,7335.75000000,7337.18000000,13.92202900,1577619359999,102170.28961110,142,2.16710700,15907.21764614,0
1577619360000,7336.08000000,7341.95000000,7335.59000000,7341.58000000,19.60235600,1577619419999,143864.57694249,198,9.98854500,73319.92429203,0
1577619420000,7341.46000000,7342.72000000,7338.40000000,7340.46000000,14.34167400,1577619479999,105277.57943611,194,7.60410100,55822.67906570,0
1577619480000,7340.59000000,7340.59000000,7335.04000000,7338.95000000,38.96380700,1577619539999,285890.82225730,165,25.19933900,184898.06948905,0
1577619540000,7339.35000000,7339.35000000,7335.62000000,7336.94000000,7.96596400,1577619599999,58445.76950506,91,3.94910800,28974.09087323,0
1577619600000,7336.44000000,7338.00000000,7334.07000000,7334.67000000,59.22659100,1577619659999,434530.89636516,315,13.42839400,98512.74440073,0
1577619660000,7334.69000000,7340.47000000,7333.99000000,7340.00000000,28.06384600,1577619719999,205924.49288233,230,17.63734100,129436.38047607,0
1577619720000,7340.02000000,7340.03000000,7336.38000000,7337.98000000,27.27767100,1577619779999,200194.49635467,173,8.41449900,61753.57008464,0
1577619780000,7337.98000000,7338.85000000,7336.37000000,7337.60000000,8.94396000,1577619839999,65632.35227924,92,3.66335500,26881.22751723,0
1577619840000,7338.33000000,7340.00000000,7336.63000000,7339.16000000,5.48841700,1577619899999,40274.10973717,91,2.42216700,17774.21803031,0
1577619900000,7339.18000000,7342.88000000,7338.88000000,7342.87000000,18.88634000,1577619959999,138633.92995359,178,10.76095900,78990.70946828,0
1577619960000,7342.87000000,7343.20000000,7337.47000000,7341.90000000,20.80638300,1577620019999,152741.77347172,197,13.73530600,100832.41905717,0
1577620020000,7341.98000000,7341.99000000,7338.53000000,7339.36000000,10.17949800,1577620079999,74713.93265443,114,5.32050400,39049.44539140,0
1577620080000,7339.35000000,7341.48000000,7339.35000000,7340.80000000,18.66255600,1577620139999,136998.84299427,165,8.43018600,61881.63560515,0
1577620140000,7341.40000000,7341.40000000,7338.49000000,7339.95000000,17.64654200,1577620199999,129533.54016470,183,8.31317300,61025.35253656,0
1577620200000,7339.66000000,7341.40000000,7339.63000000,7340.60000000,16.60977000,1577620259999,121920.77849644,121,10.36727800,76099.41909409,0
1577620260000,7341.04000000,7343.09000000,7341.04000000,7341.64000000,19.03780800,1577620319999,139772.60277592,143,11.43947500,83985.89342417,0
1577620320000,7341.87000000,7343.88000000,7337.43000000,7337.96000000,39.53899600,1577620379999,290249.99049933,158,6.85571900,50325.64631892,0
1577620380000,7337.61000000,7340.01000000,7336.15000000,7338.38000000,23.10032000,1577620439999,169510.75374150,242,8.01748800,58836.19281363,0
1577620440000,7338.57000000,7339.27000000,7336.13000000,7337.29000000,9.82879300,1577620499999,72120.59762533,86,3.89073500,28549.72266874,0
1577620500000,7337.29000000,7339.20000000,7336.57000000,7337.07000000,7.94507600,1577620559999,58295.86831832,113,3.12730500,22946.53502640,0
1577620560000,7337.50000000,7338.10000000,7336.60000000,7338.00000000,13.09268800,1577620619999,96064.27523146,132,5.02637800,36880.60479354,0
1577620620000,7338.00000000,7340.77000000,7338.00000000,7340.32000000,10.11642700,1577620679999,74241.31229589,144,6.98592200,51267.89188461,0
1577620680000,7339.89000000,7342.54000000,7339.80000000,7342.54000000,20.36958000,1577620739999,149537.77446491,169,16.16976300,118707.82091429,0
1577620740000,7342.54000000,7348.00000000,7342.21000000,7345.83000000,16.76827200,1577620799999,123150.12407478,194,12.44760000,91418.38605712,0
1577620800000,7346.08000000,7348.00000000,7344.11000000,7346.62000000,28.96852500,1577620859999,212816.55583458,277,16.79122900,123360.86784194,0
1577620860000,7346.37000000,7346.59000000,7342.39000000,7342.52000000,70.25994200,1577620919999,516123.03010327,213,4.53554500,33312.86536784,0
1577620920000,7342.54000000,7342.87000000,7333.04000000,7334.67000000,27.08114800,1577620979999,198698.70360732,215,3.72477600,27332.48137077,0
1577620980000,7334.67000000,7335.00000000,7330.44000000,7331.17000000,14.18902600,1577621039999,104047.78727594,143,4.06443000,29807.54320976,0
1577621040000,7330.45000000,7338.20000000,7330.45000000,7336.31000000,13.27535900,1577621099999,97370.36380605,140,7.58427900,55634.83435506,0
1577621100000,7336.64000000,7337.11000000,7330.00000000,7330.33000000,10.66091200,1577621159999,78171.76776859,126,5.02583800,36857.58198960,0
1577621160000,7330.00000000,7333.04000000,7322.90000000,7326.75000000,38.47906800,1577621219999,281988.51414919,434,15.42952700,113083.02033836,0
1577621220000,7326.75000000,7330.41000000,7323.80000000,7329.58000000,35.57713700,1577621279999,260716.03149044,375,24.24490400,177667.69732176,0
1577621280000,7330.49000000,7336.24000000,7329.83000000,7334.29000000,40.57124700,1577621339999,297472.71606577,205,33.19097000,243358.98464110,0
1577621340000,7333.17000000,7334.29000000,7328.41000000,7331.83000000,16.75109800,1577621399999,122814.02669456,309,13.00101600,95318.77950817,0
1577621400000,7331.76000000,7336.97000000,7330.74000000,7336.94000000,12.48379300,1577621459999,91563.09743325,167,7.33473900,53796.34513338,0
1577621460000,7336.94000000,7337.52000000,7334.71000000,7335.32000000,8.51496800,1577621519999,62468.97878913,102,3.75950100,27581.59817706,0
1577621520000,7335.31000000,7336.76000000,7332.70000000,7334.00000000,7.43386600,1577621579999,54523.84228087,122,2.83029300,20758.68795920,0
1577621580000,7333.89000000,7335.96000000,7333.64000000,7335.55000000,7.88361700,1577621639999,57826.09120279,92,3.72952500,27355.99179853,0
1577621640000,7335.56000000,7336.92000000,7335.48000000,7335.60000000,7.15458000,1577621699999,52486.49685477,79,4.10151900,30088.70652759,0
1577621700000,7336.02000000,7336.93000000,7335.00000000,7336.43000000,10.48279700,1577621759999,76901.93572886,112,6.27606200,46041.96160440,0
1577621760000,7336.38000000,7337.00000000,7335.43000000,7336.51000000,6.19960400,1577621819999,45481.78260006,130,2.34995200,17240.01128829,0
1577621820000,7336.50000000,7339.93000000,7336.47000000,7339.88000000,10.72686100,1577621879999,78721.66069648,168,5.31246800,38985.51562900,0
1577621880000,7339.63000000,7344.82000000,7339.63000000,7344.18000000,14.98626600,1577621939999,110022.34348342,167,10.33125300,75844.34243689,0
1577621940000,7344.18000000,7344.77000000,7337.45000000,7342.91000000,89.84151900,1577621999999,659647.69137307,514,9.17551600,67347.93932508,0
1577622000000,7341.71000000,7346.50000000,7340.77000000,7346.50000000,32.58190900,1577622059999,239247.52551933,447,15.39944600,113091.33577010,0
1577622060000,7344.98000000,7348.31000000,7344.01000000,7345.84000000,64.78256200,1577622119999,475880.11276526,293,17.39024500,127743.83210895,0
1577622120000,7345.82000000,7346.82000000,7345.80000000,7345.80000000,30.52468900,1577622179999,224230.13940206,380,3.53680000,25981.95733637,0
1577622180000,7345.80000000,7348.51000000,7345.80000000,7348.05000000,39.91352700,1577622239999,293262.75621838,255,6.61245200,48580.42457271,0
1577622240000,7348.05000000,7348.93000000,7348.03000000,7348.03000000,62.67334600,1577622299999,460530.16508444,265,4.74196300,34846.71238232,0
1577622300000,7348.03000000,7348.27000000,7345.80000000,7346.14000000,65.89859900,1577622359999,484194.76252705,337,3.99960400,29384.28034067,0
1577622360000,7346.14000000,7346.60000000,7345.80000000,7345.80000000,47.21273000,1577622419999,346818.82683190,271,5.41712400,39795.85736322,0
1577622420000,7345.80000000,7345.81000000,7341.26000000,7341.75000000,26.46231300,1577622479999,194342.46769904,205,1.35768400,9967.80062638,0
1577622480000,7341.68000000,7345.70000000,7340.77000000,7345.37000000,15.91603600,1577622539999,116860.72701098,170,6.82784600,50137.26298016,0
1577622540000,7344.07000000,7345.78000000,7343.71000000,7344.70000000,8.90761300,1577622599999,65426.69634127,74,5.32748100,39131.42064853,0
1577622600000,7344.34000000,7347.15000000,7344.17000000,7345.51000000,9.12163400,1577622659999,67005.80936960,91,6.18644000,45445.11782558,0
1577622660000,7345.04000000,7345.99000000,7343.75000000,7345.03000000,5.55545200,1577622719999,40803.44746324,60,2.79129500,20501.33419763,0
1577622720000,7345.03000000,7345.76000000,7342.42000000,7345.41000000,15.05910800,1577622779999,110593.57739492,115,4.87014600,35768.15197646,0
1577622780000,7345.41000000,7351.89000000,7344.56000000,7351.25000000,41.25779200,1577622839999,303197.92118369,344,27.04584900,198755.60420758,0
1577622840000,7350.59000000,7351.49000000,7348.71000000,7349.97000000,14.57931800,1577622899999,107158.66259543,169,7.87510200,57881.97733330,0
1577622900000,7349.82000000,7356.00000000,7349.64000000,7353.18000000,57.45668400,1577622959999,422486.48495885,430,40.80305400,300017.59925993,0
1577622960000,7353.30000000,7356.42000000,7347.99000000,7356.11000000,44.80829200,1577623019999,329393.48871340,315,28.71496700,211105.47676003,0
1577623020000,7356.42000000,7356.66000000,7352.33000000,7354.47000000,21.89073300,1577623079999,161000.01924327,240,6.87115400,50539.13767496,0
1577623080000,7354.88000000,7357.14000000,7350.97000000,7351.57000000,27.04862900,1577623139999,198921.46865201,295,8.76271400,64446.26852754,0
1577623140000,7351.57000000,7355.00000000,7351.06000000,7354.99000000,28.45925100,1577623199999,209256.04948881,312,11.20677900,82403.52014638,0
1577623200000,7355.00000000,7367.00000000,7354.99000000,7355.64000000,220.14484800,1577623259999,1620453.57485087,1287,117.23929900,863034.77663960,0
1577623260000,7355.54000000,7357.28000000,7347.30000000,7349.86000000,89.91354700,1577623319999,661133.08601535,451,11.83649200,87036.98571148,0
1577623320000,7349.86000000,7355.00000000,7349.10000000,7354.00000000,11.81998700,1577623379999,86898.62100463,143,5.29418800,38920.13074021,0
1577623380000,7354.02000000,7354.79000000,7347.52000000,7348.06000000,18.10371200,1577623439999,133104.97070292,138,6.61334600,48623.46712292,0
1577623440000,7348.80000000,7352.18000000,7347.89000000,7352.17000000,30.81000000,1577623499999,226457.71225920,373,11.58347000,85142.36468503,0
1577623500000,7352.17000000,7352.18000000,7350.28000000,7351.31000000,10.98532700,1577623559999,80759.79699169,145,3.95004700,29039.45075941,0
1577623560000,7352.17000000,7359.99000000,7351.30000000,7353.84000000,71.27963000,1577623619999,524332.23690626,535,43.87674800,322753.76094478,0
1577623620000,7354.13000000,7354.80000000,7351.63000000,7351.77000000,27.70239400,1577623679999,203704.21067165,349,4.92546800,36216.50493983,0
1577623680000,7351.77000000,7355.39000000,7351.64000000,7352.61000000,22.39348400,1577623739999,164647.67679478,307,5.06198000,37219.96034456,0
1577623740000,7353.27000000,7361.25000000,7351.93000000,7357.98000000,30.66178900,1577623799999,225535.62111423,295,18.19990100,133878.71098169,0
1577623800000,7359.02000000,7362.51000000,7357.23000000,7358.47000000,23.86398700,1577623859999,175618.90822817,280,5.26800100,38771.13830282,0
1577623860000,7358.47000000,7358.48000000,7352.11000000,7353.57000000,35.20622700,1577623919999,258951.33872891,378,10.36141500,76204.36958872,0
1577623920000,7353.57000000,7357.40000000,7353.00000000,7353.69000000,26.47202900,1577623979999,194677.52370664,354,10.91000500,80238.37968466,0
1577623980000,7353.84000000,7359.26000000,7353.67000000,7355.30000000,18.80243300,1577624039999,138322.10524858,230,7.36563000,54188.78987424,0
1577624040000,7355.30000000,7355.30000000,7351.49000000,7351.75000000,14.58111800,1577624099999,107216.07259909,159,8.36250600,61492.28864960,0
1577624100000,7352.70000000,7355.14000000,7350.81000000,7355.05000000,18.26285800,1577624159999,134276.36263683,175,7.71033900,56690.96036828,0
1577624160000,7355.04000000,7359.26000000,7355.04000000,7358.04000000,11.43500300,1577624219999,84125.45763886,141,5.19405900,38214.40048023,0
1577624220000,7358.79000000,7365.00000000,7358.05000000,7362.34000000,41.46794200,1577624279999,305298.11144472,286,27.07579400,199330.72031857,0
1577624280000,7362.77000000,7365.15000000,7358.19000000,7358.86000000,96.04850700,1577624339999,707290.89500164,520,21.40076600,157595.09270795,0
1577624340000,7358.87000000,7365.01000000,7358.87000000,7363.46000000,54.18562300,1577624399999,398966.61116969,575,25.52317400,187933.13921603,0
1577624400000,7363.20000000,7381.86000000,7362.52000000,7374.30000000,236.06451000,1577624459999,1740956.13935389,1322,165.14518800,1218073.58123913,0
1577624460000,7373.24000000,7373.24000000,7362.23000000,7363.12000000,67.67179900,1577624519999,498598.47210354,553,27.90121000,205560.43789620,0
1577624520000,7362.41000000,7362.85000000,7349.80000000,7349.80000000,64.16249700,1577624579999,471985.83835885,448,18.15245600,133540.63938708,0
1577624580000,7349.61000000,7356.17000000,7348.39000000,7352.81000000,67.81056600,1577624639999,498641.55342223,401,23.69243300,174209.68835755,0
1577624640000,7352.00000000,7355.02000000,7345.87000000,7354.30000000,26.33363900,1577624699999,193534.67513414,294,8.52676200,62668.94069689,0
1577624700000,7353.69000000,7354.42000000,7345.00000000,7345.33000000,55.09653800,1577624759999,404874.43638792,323,9.47402800,69636.35256021,0
1577624760000,7345.33000000,7350.46000000,7345.28000000,7349.45000000,27.21565600,1577624819999,199966.46867775,175,9.48612100,69702.96603440,0
1577624820000,7349.46000000,7349.50000000,7344.08000000,7344.09000000,11.62688100,1577624879999,85422.10202444,155,3.87532100,28473.91014710,0
1577624880000,7344.96000000,7352.16000000,7344.07000000,7350.67000000,50.28446900,1577624939999,369492.94216548,160,12.23966700,89930.73230550,0
1577624940000,7350.70000000,7356.53000000,7350.67000000,7355.88000000,21.67802100,1577624999999,159415.99279180,207,12.67945200,93244.45346795,0
1577625000000,7355.35000000,7355.84000000,7350.67000000,7353.82000000,18.24602100,1577625059999,134170.02914527,202,11.62015000,85447.49129328,0
1577625060000,7353.11000000,7353.76000000,7348.70000000,7349.23000000,19.31947700,1577625119999,142036.49143650,185,10.20565200,75035.52986139,0
1577625120000,7348.86000000,7355.17000000,7348.57000000,7352.00000000,15.90156000,1577625179999,116921.27013937,160,9.47084600,69641.60051703,0
1577625180000,7351.96000000,7354.38000000,7351.45000000,7353.77000000,15.45584900,1577625239999,113652.03494606,200,11.77162700,86559.88960732,0
1577625240000,7354.34000000,7356.53000000,7351.92000000,7354.42000000,16.71847000,1577625299999,122960.56199608,208,10.80663400,79479.91333063,0
1577625300000,7353.44000000,7356.83000000,7353.44000000,7356.83000000,24.53177000,1577625359999,180439.24986600,147,21.27161400,156460.67359194,0
1577625360000,7356.23000000,7358.00000000,7356.00000000,7356.56000000,17.33650600,1577625419999,127545.08147711,190,8.13835500,59874.45937237,0
1577625420000,7356.10000000,7358.00000000,7354.77000000,7357.08000000,16.80063500,1577625479999,123588.58651983,216,11.46766500,84358.96619964,0
1577625480000,7358.00000000,7361.71000000,7357.99000000,7359.84000000,30.13807300,1577625539999,221812.91069136,184,20.12031100,148078.38912380,0
1577625540000,7360.06000000,7362.15000000,7359.77000000,7361.04000000,6.75009600,1577625599999,49686.21528530,97,3.65980000,26939.11178905,0
1577625600000,7361.59000000,7367.14000000,7361.08000000,7366.76000000,20.11660400,1577625659999,148127.83981935,176,16.32796100,120228.68185121,0
1577625660000,7367.03000000,7367.49000000,7364.02000000,7366.97000000,24.19817700,1577625719999,178243.21859074,270,15.00663700,110542.99022538,0
1577625720000,7365.23000000,7387.43000000,7365.23000000,7387.43000000,110.12115800,1577625779999,812483.27402765,1028,67.44945200,497735.34489482,0
1577625780000,7387.44000000,7393.52000000,7380.00000000,7383.58000000,123.18158900,1577625839999,909897.45450792,965,63.29922600,467641.44106133,0
1577625840000,7384.31000000,7389.22000000,7375.01000000,7378.83000000,53.49595900,1577625899999,394949.69161192,470,17.73961400,130973.40669356,0
1577625900000,7378.53000000,7380.41000000,7371.56000000,7373.83000000,57.63887700,1577625959999,425069.46870339,547,34.84443500,256982.82871677,0
1577625960000,7373.57000000,7380.11000000,7372.70000000,7379.08000000,60.93167300,1577626019999,449368.17867132,257,43.10209600,317888.33651808,0
1577626020000,7379.05000000,7388.13000000,7377.85000000,7383.00000000,29.66357200,1577626079999,218997.80768881,334,16.12370200,119036.22468475,0
1577626080000,7383.00000000,7383.03000000,7380.00000000,7383.02000000,20.66074800,1577626139999,152522.39036093,159,11.44421000,84483.90642172,0
1577626140000,7383.03000000,7384.84000000,7380.00000000,7380.64000000,31.45632100,1577626199999,232247.55938099,219,18.56193700,137049.91851311,0
1577626200000,7380.69000000,7387.00000000,7380.35000000,7386.72000000,20.17990100,1577626259999,149007.69922473,310,11.20124800,82707.64391872,0
1577626260000,7386.72000000,7388.41000000,7380.00000000,7381.31000000,22.22244300,1577626319999,164076.59124959,286,9.26589600,68423.05357650,0
1577626320000,7381.30000000,7382.81000000,7373.47000000,7374.67000000,21.75693100,1577626379999,160545.28007024,238,6.64351100,49019.31126264,0
1577626380000,7374.70000000,7379.41000000,7373.44000000,7379.27000000,22.67895400,1577626439999,167275.12299148,272,11.91405200,87890.53291945,0
1577626440000,7379.27000000,7386.23000000,7378.97000000,7386.23000000,15.75151100,1577626499999,116295.11317922,158,12.04886300,88959.51835872,0
1577626500000,7385.75000000,7386.88000000,7380.08000000,7383.80000000,20.31748500,1577626559999,150010.78430055,195,13.44505800,99268.86353346,0
1577626560000,7384.04000000,7386.20000000,7382.44000000,7385.21000000,22.33508300,1577626619999,164921.35564334,266,11.20637900,82746.05602453,0
1577626620000,7385.69000000,7394.00000000,7385.27000000,7386.61000000,54.48514600,1577626679999,402633.73869099,485,28.17262300,208179.51000532,0
1577626680000,7386.19000000,7387.29000000,7379.43000000,7382.15000000,30.72132100,1577626739999,226822.01317484,249,15.57273200,114975.70047725,0
1577626740000,7382.94000000,7390.00000000,7381.85000000,7387.80000000,47.02596700,1577626799999,347305.73103506,303,36.68259400,270919.15505012,0
1577626800000,7387.80000000,7388.58000000,7385.00000000,7385.63000000,24.28547300,1577626859999,179394.72232122,253,15.10282200,111565.68811083,0
1577626860000,7386.06000000,7386.73000000,7378.98000000,7379.40000000,37.37848000,1577626919999,275955.70280219,240,15.47941800,114305.08355090,0
1577626920000,7379.13000000,7385.58000000,7376.96000000,7383.82000000,38.60229800,1577626979999,284922.81985201,321,25.67619600,189537.21269132,0
1577626980000,7383.87000000,7385.07000000,7378.47000000,7381.48000000,20.44536900,1577627039999,150922.34794437,250,8.43897900,62299.34022599,0
1577627040000,7381.48000000,7382.82000000,7376.54000000,7376.66000000,16.67110100,1577627099999,123022.17953115,193,7.59334300,56036.62175462,0
1577627100000,7377.30000000,7379.35000000,7373.82000000,7376.38000000,22.28269300,1577627159999,164379.97835032,223,8.14757700,60107.47086943,0
1577627160000,7376.28000000,7376.28000000,7369.66000000,7376.10000000,27.67188200,1577627219999,204013.93714371,310,8.82172400,65042.35722237,0
1577627220000,7375.90000000,7375.90000000,7367.00000000,7367.01000000,23.24964000,1577627279999,171364.14073455,312,12.06726400,88945.29771460,0
1577627280000,7367.00000000,7374.48000000,7367.00000000,7372.37000000,30.76067100,1577627339999,226748.96881333,361,22.11408000,163007.39361214,0
1577627340000,7372.41000000,7373.90000000,7369.85000000,7372.95000000,23.90257100,1577627399999,176205.58013654,329,17.58859500,129662.07735352,0
1577627400000,7372.93000000,7380.00000000,7371.61000000,7379.49000000,21.80929500,1577627459999,160841.44612182,280,16.02131800,118156.15706790,0
1577627460000,7379.39000000,7380.26000000,7376.93000000,7378.76000000,24.31692900,1577627519999,179434.59961666,278,13.31202100,98235.57641072,0
1577627520000,7379.10000000,7384.00000000,7378.66000000,7383.76000000,17.68720500,1577627579999,130562.08325052,206,6.44830200,47600.30743692,0
1577627580000,7383.15000000,7387.73000000,7383.15000000,7387.70000000,18.79121400,1577627639999,138786.68472899,229,9.75283300,72031.66805550,0
1577627640000,7387.70000000,7388.13000000,7387.01000000,7388.00000000,15.21677600,1577627699999,112414.72836558,147,7.52074500,55561.28289515,0
1577627700000,7388.00000000,7390.00000000,7381.77000000,7382.49000000,32.16142800,1577627759999,237577.46591046,252,16.07431200,118756.34490261,0
1577627760000,7382.64000000,7387.17000000,7382.64000000,7383.38000000,15.94187000,1577627819999,117728.21041399,133,7.99245800,59024.75910361,0
1577627820000,7383.37000000,7394.00000000,7382.35000000,7392.66000000,74.28578400,1577627879999,548875.41954246,324,63.51639500,469323.52085809,0
1577627880000,7392.86000000,7397.59000000,7386.10000000,7386.40000000,59.68673600,1577627939999,441267.16897272,662,32.34845600,239191.22853336,0
1577627940000,7386.45000000,7400.00000000,7386.38000000,7392.84000000,283.12236000,1577627999999,2094670.23395674,1091,220.43705200,1631011.54899511,0
1577628000000,7392.77000000,7400.00000000,7387.30000000,7399.45000000,99.22684600,1577628059999,733874.39804370,641,66.76875800,493851.80897802,0
1577628060000,7399.35000000,7400.42000000,7391.83000000,7395.55000000,63.32233000,1577628119999,468438.97656068,401,31.48596300,232958.49780386,0
1577628120000,7395.23000000,7395.58000000,7385.68000000,7386.65000000,40.74680200,1577628179999,301207.49930418,299,10.67709300,78936.39683756,0
1577628180000,7386.69000000,7394.75000000,7385.07000000,7393.86000000,41.79878100,1577628239999,308847.51499478,218,19.92033100,147209.23618294,0
1577628240000,7393.86000000,7399.99000000,7393.38000000,7399.17000000,24.65367300,1577628299999,182346.33657205,257,16.74323500,123835.91869119,0
1577628300000,7399.02000000,7409.00000000,7396.66000000,7403.09000000,112.16256000,1577628359999,830256.74543084,746,84.95430100,628839.68417196,0
1577628360000,7403.78000000,7412.66000000,7402.64000000,7407.06000000,76.32014900,1577628419999,565401.21167742,606,44.80483200,331939.90722286,0
1577628420000,7408.00000000,7408.93000000,7401.47000000,7402.19000000,81.22303000,1577628479999,601500.80430510,881,22.33048000,165396.11259127,0
1577628480000,7402.19000000,7414.69000000,7401.86000000,7407.52000000,71.12748400,1577628539999,526932.57554945,536,28.05885800,207880.20130774,0
1577628540000,7406.94000000,7408.56000000,7401.02000000,7401.88000000,25.92779000,1577628599999,191978.52550843,272,9.45884900,70039.64338216,0
1577628600000,7401.80000000,7401.80000000,7392.75000000,7398.13000000,51.92057600,1577628659999,384086.79149066,444,16.02903500,118581.40483495,0
1577628660000,7398.63000000,7400.00000000,7392.23000000,7393.42000000,46.63270300,1577628719999,344966.92661957,342,26.83672400,198549.12592259,0
1577628720000,7393.41000000,7394.06000000,7392.23000000,7392.94000000,21.54185700,1577628779999,159256.32240225,238,6.78904000,50192.49187343,0
1577628780000,7392.71000000,7399.54000000,7392.71000000,7396.75000000,47.72436300,1577628839999,352942.74111524,291,31.79506000,235146.46456549,0
1577628840000,7395.65000000,7396.73000000,7390.65000000,7392.68000000,19.27646800,1577628899999,142507.51818974,167,5.07466500,37518.63191613,0
1577628900000,7392.68000000,7393.50000000,7388.00000000,7389.26000000,44.69021500,1577628959999,330274.30848328,307,22.59614600,166987.17582408,0
1577628960000,7389.96000000,7390.54000000,7387.50000000,7388.00000000,14.14278900,1577629019999,104502.97721549,199,7.86876100,58144.09972704,0
1577629020000,7388.00000000,7390.10000000,7385.45000000,7389.76000000,21.84774400,1577629079999,161418.01517567,242,13.07446700,96601.21724164,0
1577629080000,7389.45000000,7394.50000000,7389.11000000,7394.50000000,15.70792500,1577629139999,116101.02296253,170,10.68543400,78980.86999438,0
1577629140000,7393.82000000,7397.28000000,7393.82000000,7397.28000000,23.61989400,1577629199999,174694.50316622,237,17.68674000,130812.77409162,0
1577629200000,7396.32000000,7400.00000000,7395.72000000,7399.99000000,60.71987400,1577629259999,449302.40276081,303,56.66875500,419331.43249810,0
1577629260000,7400.00000000,7402.99000000,7394.41000000,7397.12000000,58.57806500,1577629319999,433391.47383790,487,29.10729700,215378.17181484,0
1577629320000,7397.11000000,7399.95000000,7394.83000000,7399.47000000,24.26563400,1577629379999,179486.97558788,234,12.97306800,95960.65614631,0
1577629380000,7399.58000000,7407.37000000,7399.47000000,7402.81000000,41.29112600,1577629439999,305692.66478614,280,32.05869200,237347.49461424,0
1577629440000,7403.08000000,7407.00000000,7401.56000000,7405.08000000,15.29942500,1577629499999,113292.76619544,179,10.32068800,76424.77977874,0
1577629500000,7405.08000000,7406.00000000,7398.82000000,7399.03000000,24.85898900,1577629559999,184016.38134268,262,5.82307100,43104.53008927,0
1577629560000,7399.63000000,7399.70000000,7393.51000000,7393.92000000,25.76348200,1577629619999,190548.79658761,229,6.04383700,44698.26086523,0
1577629620000,7394.82000000,7403.61000000,7393.57000000,7399.30000000,46.32203300,1577629679999,342755.85033888,288,35.86678000,265393.09528256,0
1577629680000,7399.34000000,7403.00000000,7398.03000000,7402.91000000,15.13939600,1577629739999,112023.14261995,153,9.14507400,67667.66073320,0
1577629740000,7402.99000000,7405.00000000,7400.88000000,7401.16000000,13.88869800,1577629799999,102816.73399197,172,8.44259300,62500.71629962,0
1577629800000,7401.73000000,7406.89000000,7400.10000000,7406.58000000,20.34816100,1577629859999,150631.63813867,224,12.61098200,93357.41462533,0
1577629860000,7406.59000000,7409.87000000,7406.00000000,7406.15000000,24.05193300,1577629919999,178182.32939938,288,14.20610400,105243.68253369,0
1577629920000,7406.00000000,7407.59000000,7404.97000000,7405.00000000,24.16195600,1577629979999,178954.90024688,251,6.10838900,45241.94557389,0
1577629980000,7404.60000000,7404.98000000,7397.26000000,7399.52000000,42.53962600,1577630039999,314821.53704854,290,17.97793900,133055.78653677,0
1577630040000,7398.22000000,7399.32000000,7393.10000000,7394.88000000,19.18072100,1577630099999,141853.63576662,191,7.48550200,55356.62148859,0
1577630100000,7394.67000000,7400.00000000,7394.22000000,7399.75000000,14.32475000,1577630159999,105989.36105057,177,10.38407700,76837.80426243,0
1577630160000,7399.73000000,7400.00000000,7397.34000000,7399.00000000,20.48127100,1577630219999,151543.17717930,177,14.43734700,106826.14821334,0
1577630220000,7399.00000000,7399.00000000,7395.23000000,7396.41000000,13.35130300,1577630279999,98757.45436823,110,3.91234100,28940.35323255,0
1577630280000,7396.41000000,7396.41000000,7388.14000000,7389.88000000,29.82027400,1577630339999,220427.58051397,248,7.84315400,57974.25163335,0
1577630340000,7389.89000000,7394.89000000,7389.41000000,7389.41000000,20.19735200,1577630399999,149304.74256798,200,10.13198000,74899.06953507,0
1577630400000,7389.41000000,7390.47000000,7385.91000000,7387.95000000,30.62037700,1577630459999,226208.82864789,269,12.49651200,92319.51384995,0
1577630460000,7387.88000000,7395.00000000,7385.51000000,7394.64000000,27.02402200,1577630519999,199736.01408845,264,16.93757100,125196.10747215,0
1577630520000,7394.45000000,7395.82000000,7392.88000000,7394.47000000,14.86652200,1577630579999,109932.07162820,141,10.48872600,77560.93477218,0
1577630580000,7394.25000000,7394.26000000,7389.00000000,7389.18000000,17.86375900,1577630639999,132046.07088103,204,11.45223400,84657.84488912,0
1577630640000,7390.27000000,7396.16000000,7389.20000000,7395.49000000,18.92579900,1577630699999,139919.52296635,160,13.64505600,100880.28947456,0
1577630700000,7395.64000000,7396.96000000,7391.17000000,7392.76000000,18.20191400,1577630759999,134587.84652521,218,9.92759000,73411.74780624,0
1577630760000,7393.18000000,7393.84000000,7387.27000000,7387.81000000,12.68749400,1577630819999,93773.66940747,137,3.11102000,22996.15699488,0
1577630820000,7388.70000000,7391.94000000,7388.70000000,7390.25000000,12.53943000,1577630879999,92669.04678722,176,7.56779900,55930.64528414,0
1577630880000,7390.00000000,7391.55000000,7388.98000000,7388.98000000,14.64284500,1577630939999,108216.77832794,158,8.58830800,63470.83397224,0
1577630940000,7388.93000000,7389.61000000,7383.79000000,7384.79000000,26.56610200,1577630999999,196238.87171233,228,5.30327400,39175.18311426,0
1577631000000,7385.39000000,7386.89000000,7383.49000000,7385.76000000,29.31961500,1577631059999,216529.30270556,214,23.84913500,176125.98464610,0
1577631060000,7385.73000000,7387.84000000,7385.58000000,7387.44000000,15.24397800,1577631119999,112606.45999671,187,7.99403500,59049.65925339,0
1577631120000,7387.44000000,7390.00000000,7386.86000000,7389.96000000,35.00058700,1577631179999,258598.27731118,238,11.89432600,87885.09724643,0
1577631180000,7388.99000000,7390.00000000,7386.19000000,7389.51000000,17.93056700,1577631239999,132475.38128338,182,8.56434700,63280.56473849,0
1577631240000,7390.00000000,7394.87000000,7388.57000000,7394.58000000,28.94486500,1577631299999,213949.06895549,312,21.95975900,162327.19800544,0
1577631300000,7394.30000000,7395.00000000,7393.62000000,7394.99000000,14.72606000,1577631359999,108892.24721637,195,8.86600700,65559.89131935,0
1577631360000,7395.00000000,7395.96000000,7388.52000000,7389.97000000,20.98491000,1577631419999,155132.53683373,256,10.40039400,76887.14814099,0
1577631420000,7388.97000000,7393.20000000,7388.97000000,7391.90000000,34.45803100,1577631479999,254663.84071195,159,29.70335600,219515.31790360,0
1577631480000,7392.27000000,7393.05000000,7390.06000000,7391.13000000,14.50472700,1577631539999,107217.90956486,154,10.08608500,74555.49749503,0
1577631540000,7391.00000000,7391.00000000,7386.91000000,7388.82000000,45.53405800,1577631599999,336422.74873171,320,15.25487200,112716.12718157,0
1577631600000,7388.82000000,7392.43000000,7387.93000000,7389.53000000,19.57825600,1577631659999,144695.70233864,209,10.81108900,79903.37025163,0
1577631660000,7388.24000000,7390.11000000,7387.03000000,7389.90000000,26.76136700,1577631719999,197727.15942437,216,14.16666400,104674.59960363,0
1577631720000,7389.46000000,7390.79000000,7385.70000000,7385.70000000,21.44985400,1577631779999,158496.73694000,164,9.63717300,71210.31131878,0
1577631780000,7385.84000000,7385.99000000,7380.01000000,7380.02000000,16.25617600,1577631839999,120013.68022189,194,3.18490500,23512.26473173,0
1577631840000,7380.02000000,7380.81000000,7371.63000000,7375.29000000,73.98546200,1577631899999,545675.28973793,460,15.76638100,116281.81824117,0
1577631900000,7375.29000000,7377.38000000,7360.44000000,7377.00000000,97.82739200,1577631959999,720802.21290360,725,36.33595000,267813.19832837,0
1577631960000,7377.00000000,7377.34000000,7370.16000000,7371.49000000,36.95227800,1577632019999,272460.96414408,439,17.36293800,128029.78628592,0
1577632020000,7371.40000000,7375.00000000,7369.97000000,7374.24000000,34.98663100,1577632079999,257927.46986132,342,26.67593700,196653.53596437,0
1577632080000,7374.09000000,7375.24000000,7370.04000000,7374.35000000,22.63498600,1577632139999,166891.25044687,365,15.41295500,113646.49447143,0
1577632140000,7374.20000000,7374.20000000,7370.46000000,7372.44000000,23.91520500,1577632199999,176325.74500724,302,14.07333200,103764.24612673,0
1577632200000,7373.07000000,7378.08000000,7371.28000000,7377.27000000,45.80309500,1577632259999,337738.03798938,307,42.51416200,313488.23759771,0
1577632260000,7377.01000000,7382.38000000,7377.01000000,7381.24000000,16.29137000,1577632319999,120222.85388969,283,13.17598700,97233.28364972,0
1577632320000,7381.24000000,7382.37000000,7378.32000000,7380.25000000,14.79783300,1577632379999,109221.29842175,165,11.91349900,87933.34468401,0
1577632380000,7380.33000000,7381.10000000,7377.60000000,7378.65000000,8.00716800,1577632439999,59090.81510853,186,4.36680100,32227.39214802,0
1577632440000,7378.91000000,7379.13000000,7374.19000000,7374.92000000,10.12716500,1577632499999,74697.87359083,169,2.83312500,20897.44163813,0
1577632500000,7374.92000000,7377.53000000,7374.48000000,7375.66000000,14.23377200,1577632559999,104990.37799550,130,5.13027100,37843.71879027,0
1577632560000,7374.96000000,7377.99000000,7374.96000000,7377.98000000,10.10912700,1577632619999,74570.69712174,106,4.05022500,29876.03060104,0
1577632620000,7377.99000000,7379.58000000,7376.71000000,7379.58000000,6.99725600,1577632679999,51627.77706103,117,5.02099500,37046.02008637,0
1577632680000,7379.99000000,7380.92000000,7378.99000000,7380.69000000,13.00039000,1577632739999,95948.94928331,107,9.13385700,67411.92139935,0
1577632740000,7380.63000000,7380.63000000,7374.79000000,7375.37000000,19.53175500,1577632799999,144113.90422504,214,9.24699800,68237.95309514,0
1577632800000,7375.42000000,7380.84000000,7375.42000000,7380.72000000,6.00604300,1577632859999,44314.97636396,100,3.76800000,27799.64236030,0
1577632860000,7380.70000000,7380.70000000,7377.42000000,7378.48000000,10.88474800,1577632919999,80319.16104835,139,6.12463100,45193.49005339,0
1577632920000,7377.46000000,7378.47000000,7376.78000000,7378.13000000,7.70220600,1577632979999,56825.70847941,111,4.77543800,35233.00761743,0
1577632980000,7378.31000000,7381.99000000,7377.98000000,7380.85000000,10.99947700,1577633039999,81172.97111508,124,7.31923000,54014.72411961,0
1577633040000,7381.31000000,7384.00000000,7380.00000000,7383.55000000,13.74202700,1577633099999,101443.07440964,198,10.85144600,80105.35730775,0
1577633100000,7383.55000000,7388.10000000,7382.42000000,7387.24000000,26.34873600,1577633159999,194565.97670849,206,18.53131900,136845.21995418,0
1577633160000,7387.24000000,7388.22000000,7384.79000000,7385.00000000,24.90921100,1577633219999,183987.17713976,167,10.90575600,80554.19832546,0
1577633220000,7385.00000000,7389.00000000,7384.99000000,7387.54000000,23.13116700,1577633279999,170848.33377858,183,18.30537100,135198.46333040,0
1577633280000,7387.52000000,7391.83000000,7385.00000000,7391.83000000,14.99885900,1577633339999,110814.88941821,246,11.83755800,87459.19698903,0
1577633340000,7390.78000000,7392.92000000,7390.78000000,7392.11000000,15.48998400,1577633399999,114496.84218451,204,10.56853400,78120.41866695,0
1577633400000,7391.24000000,7392.89000000,7391.03000000,7391.24000000,14.15144300,1577633459999,104609.41114330,149,6.51576000,48167.27823820,0
1577633460000,7391.26000000,7395.97000000,7391.26000000,7394.76000000,17.80567700,1577633519999,131658.00342675,195,14.87398500,109979.68619217,0
1577633520000,7394.85000000,7397.29000000,7392.76000000,7397.12000000,33.52710000,1577633579999,247944.20832276,315,22.48245700,166268.24822839,0
1577633580000,7397.16000000,7398.99000000,7396.27000000,7398.99000000,22.03861900,1577633639999,163043.66808788,218,18.65112000,137984.16890842,0
1577633640000,7399.00000000,7400.44000000,7392.13000000,7394.47000000,142.91085400,1577633699999,1057170.69048610,263,22.95521700,169822.25965829,0
1577633700000,7394.76000000,7398.83000000,7394.76000000,7398.79000000,11.17382700,1577633759999,82644.49792178,108,2.69053800,19901.77605525,0
1577633760000,7398.73000000,7401.51000000,7398.53000000,7400.82000000,19.89854200,1577633819999,147242.07127111,204,15.75785400,116604.24103264,0
1577633820000,7400.82000000,7405.50000000,7400.82000000,7400.88000000,30.98478500,1577633879999,229344.23345098,266,11.32949300,83873.35477154,0
1577633880000,7400.92000000,7400.92000000,7397.83000000,7397.83000000,34.65943700,1577633939999,256458.58238971,292,2.54482100,18830.32769070,0
1577633940000,7397.83000000,7400.35000000,7394.77000000,7395.15000000,44.95079400,1577633999999,332529.84286985,379,29.01660700,214671.56549265,0
1577634000000,7395.10000000,7398.77000000,7394.77000000,7398.73000000,16.61447500,1577634059999,122889.31901222,184,10.71974000,79291.55735414,0
1577634060000,7398.02000000,7400.00000000,7396.28000000,7399.68000000,73.37634400,1577634119999,542790.57826700,192,31.42216000,232445.44897133,0
1577634120000,7399.96000000,7402.73000000,7398.99000000,7400.93000000,43.76501200,1577634179999,323869.63033886,263,21.05968700,155852.75443966,0
1577634180000,7400.93000000,7404.09000000,7400.90000000,7404.09000000,16.84323200,1577634239999,124668.47465000,146,11.00823300,81477.86099230,0
1577634240000,7404.13000000,7405.69000000,7403.56000000,7405.55000000,21.87866900,1577634299999,162008.28738125,213,16.54106000,122487.67555913,0
1577634300000,7405.54000000,7405.68000000,7396.20000000,7396.22000000,66.26468800,1577634359999,490515.31459283,377,7.33827900,54316.72667976,0
1577634360000,7397.23000000,7397.85000000,7395.00000000,7397.00000000,46.97183900,1577634419999,347414.35671040,211,10.70905000,79207.49477487,0
1577634420000,7397.00000000,7405.26000000,7395.87000000,7405.03000000,25.96112500,1577634479999,192140.09235605,263,21.20863400,156971.66466452,0
1577634480000,7405.19000000,7405.19000000,7399.26000000,7400.21000000,60.15968600,1577634539999,445413.27498713,240,11.72856100,86825.18684009,0
1577634540000,7400.28000000,7406.56000000,7400.02000000,7406.56000000,16.13077600,1577634599999,119425.63295142,214,10.45136100,77379.22457310,0
1577634600000,7406.39000000,7419.02000000,7406.02000000,7413.49000000,72.31340600,1577634659999,536084.26435566,749,47.22043400,350044.84963347,0
1577634660000,7413.42000000,7414.10000000,7406.51000000,7407.38000000,35.61295700,1577634719999,263904.22515071,266,11.40888100,84559.48320892,0
1577634720000,7406.84000000,7407.37000000,7395.89000000,7397.82000000,43.92473700,1577634779999,325080.71196743,361,13.33845200,98716.89495943,0
1577634780000,7398.88000000,7406.83000000,7397.42000000,7401.32000000,21.19329700,1577634839999,156877.70383871,225,11.83979500,87647.64358150,0
1577634840000,7401.98000000,7405.40000000,7399.98000000,7403.17000000,17.35383300,1577634899999,128463.15637817,171,4.35116600,32208.84511844,0
1577634900000,7403.10000000,7407.89000000,7400.84000000,7401.00000000,92.20404300,1577634959999,682697.54239027,259,47.19147300,349401.48263384,0
1577634960000,7401.65000000,7401.65000000,7396.39000000,7397.36000000,31.67549000,1577635019999,234358.16166982,237,6.88365000,50922.40975068,0
1577635020000,7397.78000000,7399.16000000,7397.01000000,7397.78000000,9.36015600,1577635079999,69247.28832677,109,3.42265400,25321.32577357,0
1577635080000,7397.51000000,7397.78000000,7392.80000000,7394.51000000,21.00805200,1577635139999,155372.58560395,197,9.01454700,66670.23290789,0
1577635140000,7394.51000000,7395.48000000,7388.52000000,7394.13000000,27.27299400,1577635199999,201597.35311493,317,9.35685200,69166.82166270,0
1577635200000,7395.03000000,7402.16000000,7394.48000000,7400.43000000,49.99451100,1577635259999,369898.05039985,273,32.65493100,241610.90185209,0
1577635260000,7400.41000000,7401.58000000,7390.00000000,7390.67000000,58.62039800,1577635319999,433426.84806376,244,25.76839100,190520.69611912,0
1577635320000,7390.70000000,7392.76000000,7389.62000000,7389.84000000,19.86916200,1577635379999,146845.64062485,221,7.57450900,55982.50723760,0
1577635380000,7389.84000000,7391.20000000,7388.53000000,7390.46000000,19.76024800,1577635439999,146017.66721661,190,8.00688500,59167.94435175,0
1577635440000,7390.19000000,7400.44000000,7390.19000000,7398.29000000,20.28536200,1577635499999,150040.26299985,235,13.38358200,99008.66772234,0
1577635500000,7398.88000000,7405.00000000,7398.29000000,7402.72000000,38.83153700,1577635559999,287476.65183936,297,20.99760400,155450.07500339,0
1577635560000,7402.31000000,7406.00000000,7399.41000000,7404.44000000,68.10502500,1577635619999,504167.46166168,207,50.39202300,373044.94576050,0
1577635620000,7404.44000000,7409.56000000,7401.89000000,7409.56000000,34.06978700,1577635679999,252293.40299390,335,23.36978600,173055.10629844,0
1577635680000,7409.68000000,7419.00000000,7409.66000000,7416.89000000,109.13174100,1577635739999,809056.55853121,590,63.43476800,470247.62989955,0
1577635740000,7416.37000000,7418.35000000,7413.46000000,7414.47000000,36.09891100,1577635799999,267690.27713498,272,19.84876700,147190.51581320,0
1577635800000,7414.94000000,7415.00000000,7402.10000000,7402.10000000,52.02022900,1577635859999,385334.24055480,400,17.33566800,128402.26515766,0
1577635860000,7402.11000000,7409.60000000,7397.30000000,7403.73000000,66.86397700,1577635919999,495034.50717555,371,30.21530000,223708.42736635,0
1577635920000,7405.33000000,7415.02000000,7404.92000000,7409.47000000,46.27476700,1577635979999,342851.76033014,275,26.51752200,196477.19318896,0
1577635980000,7410.02000000,7420.41000000,7405.62000000,7420.41000000,56.73648200,1577636039999,420749.83301689,495,45.54267200,337798.74507723,0
1577636040000,7420.41000000,7424.95000000,7408.49000000,7415.85000000,46.41896800,1577636099999,344239.83357815,497,24.78689100,183863.05064420,0
1577636100000,7415.90000000,7422.95000000,7413.74000000,7421.35000000,33.88851900,1577636159999,251408.58156294,365,23.39673800,173582.59190467,0
1577636160000,7421.39000000,7430.00000000,7410.47000000,7414.11000000,232.17638500,1577636219999,1723440.53742738,1031,123.00026600,913218.52826161,0
1577636220000,7414.17000000,7423.17000000,7407.36000000,7415.29000000,122.00608000,1577636279999,904571.89443658,460,78.28618500,580511.42907201,0
1577636280000,7415.23000000,7419.00000000,7408.16000000,7408.92000000,57.20919100,1577636339999,424190.83086846,283,20.32406800,150708.47940632,0
1577636340000,7408.90000000,7412.38000000,7403.11000000,7409.05000000,46.25788200,1577636399999,342638.09821235,267,13.32387700,98718.49584518,0
1577636400000,7409.07000000,7411.94000000,7407.94000000,7411.61000000,31.44666000,1577636459999,233001.80931535,261,14.98097000,111001.15859890,0
1577636460000,7412.15000000,7413.95000000,7408.00000000,7409.00000000,11.12395400,1577636519999,82442.19790414,165,5.28340900,39159.15492752,0
1577636520000,7409.00000000,7410.97000000,7403.11000000,7406.10000000,26.21812000,1577636579999,194172.70449535,222,11.53847800,85462.93925909,0
1577636580000,7406.10000000,7406.60000000,7400.00000000,7405.18000000,27.22703600,1577636639999,201553.58501369,238,11.04699200,81782.22723562,0
1577636640000,7404.90000000,7407.38000000,7400.02000000,7404.95000000,17.95975800,1577636699999,132963.51733851,136,8.62961400,63878.10110582,0
1577636700000,7404.60000000,7404.94000000,7395.54000000,7402.51000000,46.38462900,1577636759999,343248.41875622,292,9.43310600,69818.72105190,0
1577636760000,7402.51000000,7408.75000000,7401.35000000,7404.74000000,16.82451700,1577636819999,124584.57236761,270,8.47340200,62744.11848034,0
1577636820000,7404.74000000,7406.28000000,7401.28000000,7401.36000000,16.81833800,1577636879999,124521.50964912,204,5.84918000,43306.69922284,0
1577636880000,7401.13000000,7401.25000000,7397.82000000,7398.79000000,11.01142000,1577636939999,81474.08528340,144,5.76194900,42633.91698245,0
1577636940000,7399.00000000,7402.64000000,7398.82000000,7401.04000000,11.24183600,1577636999999,83195.83036421,170,5.78110100,42783.58314515,0
1577637000000,7402.15000000,7407.97000000,7401.50000000,7405.91000000,15.04842200,1577637059999,111430.37917062,199,7.67074200,56802.25018024,0
1577637060000,7405.91000000,7407.03000000,7400.65000000,7401.99000000,23.36749900,1577637119999,173001.35144212,162,15.20343100,112564.79328925,0
1577637120000,7401.99000000,7408.92000000,7401.99000000,7408.92000000,17.82797600,1577637179999,132000.54020376,121,8.57319900,63475.22964795,0
1577637180000,7408.30000000,7409.50000000,7406.99000000,7409.50000000,9.70484400,1577637239999,71892.63291300,112,7.11568200,52711.87278573,0
1577637240000,7409.50000000,7410.95000000,7409.49000000,7410.70000000,19.68190700,1577637299999,145846.92740165,131,12.44729700,92237.41547425,0
1577637300000,7410.00000000,7410.71000000,7407.00000000,7408.24000000,21.51882400,1577637359999,159430.06643520,151,10.37005500,76827.82667891,0
1577637360000,7407.11000000,7408.01000000,7406.06000000,7406.39000000,9.41241900,1577637419999,69715.48675456,91,3.98578300,29520.95164943,0
1577637420000,7406.18000000,7407.08000000,7403.97000000,7404.17000000,21.02984100,1577637479999,155749.32622451,111,5.74413500,42543.11104344,0
1577637480000,7403.97000000,7404.24000000,7401.03000000,7401.17000000,15.92148000,1577637539999,117850.64064086,158,7.20047100,53297.10207871,0
1577637540000,7401.03000000,7402.24000000,7400.25000000,7400.33000000,21.03169700,1577637599999,155664.49292637,201,7.21285100,53386.56633285,0
1577637600000,7401.28000000,7401.36000000,7398.02000000,7398.08000000,23.28903500,1577637659999,172337.14507117,150,6.93453800,51315.13283881,0
1577637660000,7398.44000000,7400.99000000,7397.36000000,7400.64000000,14.96081500,1577637719999,110694.67371139,173,5.27410000,39023.75847606,0
1577637720000,7400.65000000,7408.07000000,7400.41000000,7405.96000000,22.24282300,1577637779999,164710.48816335,211,12.38854100,91729.68097937,0
1577637780000,7405.68000000,7406.07000000,7400.25000000,7400.25000000,46.78850700,1577637839999,346375.08862615,181,8.99553800,66598.31999674,0
1577637840000,7400.93000000,7405.29000000,7399.65000000,7402.08000000,56.30647000,1577637899999,416783.35543135,239,14.60232300,108105.08826641,0
1577637900000,7401.90000000,7404.50000000,7400.00000000,7404.36000000,19.82998500,1577637959999,146785.44437000,135,8.87424000,65691.08658422,0
1577637960000,7404.42000000,7406.94000000,7404.32000000,7406.05000000,7.33429700,1577638019999,54313.89813931,102,3.52868500,26132.81871914,0
1577638020000,7405.04000000,7410.01000000,7405.04000000,7409.99000000,78.64015200,1577638079999,582645.32668840,192,34.37906100,254677.24685374,0
1577638080000,7409.79000000,7415.05000000,7409.21000000,7412.54000000,43.23506800,1577638139999,320519.36067063,218,17.24526000,127822.49308607,0
1577638140000,7413.02000000,7415.06000000,7410.79000000,7411.24000000,18.92717100,1577638199999,140299.94615470,169,3.20092800,23726.87411446,0
1577638200000,7411.04000000,7411.48000000,7411.00000000,7411.00000000,22.81088500,1577638259999,169051.74197608,282,3.14580300,23313.78376360,0
1577638260000,7411.00000000,7411.94000000,7411.00000000,7411.17000000,11.21122700,1577638319999,83088.21164687,280,3.51383000,26042.34519462,0
1577638320000,7411.18000000,7411.19000000,7405.81000000,7406.67000000,18.11123700,1577638379999,134183.56255873,200,4.71950400,34964.78266065,0
1577638380000,7406.66000000,7409.00000000,7405.80000000,7409.00000000,7.49706800,1577638439999,55530.95521841,104,4.17534000,30927.37999840,0
1577638440000,7408.19000000,7409.71000000,7403.30000000,7404.59000000,17.26864700,1577638499999,127892.01283295,157,3.43507500,25439.03162420,0
1577638500000,7404.59000000,7405.96000000,7400.46000000,7405.26000000,19.19563700,1577638559999,142086.13649085,203,6.92764800,51283.05110408,0
1577638560000,7405.98000000,7406.00000000,7403.37000000,7404.34000000,8.22845500,1577638619999,60928.55399161,108,5.31354500,39345.76293213,0
1577638620000,7404.31000000,7404.86000000,7403.17000000,7403.18000000,16.52147800,1577638679999,122321.87979130,154,5.60226300,41479.97382038,0
1577638680000,7403.17000000,7407.17000000,7402.22000000,7406.35000000,18.68646500,1577638739999,138356.79698024,132,16.78644800,124289.11197668,0
1577638740000,7406.35000000,7406.52000000,7405.00000000,7405.91000000,10.15548600,1577638799999,75206.91173191,113,9.20576400,68173.76587753,0
1577638800000,7405.32000000,7411.23000000,7405.00000000,7405.01000000,34.56037400,1577638859999,256016.67698665,166,27.21256600,201569.17790365,0
1577638860000,7405.00000000,7406.43000000,7403.64000000,7404.64000000,16.53117300,1577638919999,122410.92209669,101,7.29466300,54016.64448160,0
1577638920000,7404.64000000,7406.14000000,7404.36000000,7405.50000000,10.68715300,1577638979999,79137.65359305,74,8.12555900,60169.37311603,0
1577638980000,7405.82000000,7406.13000000,7404.36000000,7404.63000000,8.85019400,1577639039999,65536.71111034,104,3.38564200,25072.16486348,0
1577639040000,7404.95000000,7405.62000000,7402.74000000,7403.66000000,11.99699800,1577639099999,88830.02107463,131,4.12702600,30558.65663745,0
1577639100000,7403.66000000,7406.31000000,7403.66000000,7405.61000000,15.01954100,1577639159999,111217.06652500,184,5.26301400,38972.89624471,0
1577639160000,7405.54000000,7407.90000000,7405.21000000,7406.89000000,15.47048500,1577639219999,114576.42699124,129,11.45463900,84832.67069813,0
1577639220000,7406.96000000,7411.29000000,7406.89000000,7409.08000000,14.45766100,1577639279999,107112.07320936,209,10.13538000,75092.70486432,0
1577639280000,7408.81000000,7409.20000000,7405.50000000,7405.50000000,12.18567200,1577639339999,90265.25577746,114,2.98611700,22120.31004221,0
1577639340000,7405.51000000,7407.02000000,7403.23000000,7404.43000000,11.74909300,1577639399999,87004.11558647,106,2.99528900,22181.10235516,0
1577639400000,7403.90000000,7404.11000000,7401.42000000,7402.30000000,8.81694800,1577639459999,65268.58921520,99,3.96902200,29381.75429174,0
1577639460000,7401.98000000,7401.98000000,7400.50000000,7400.60000000,8.72840600,1577639519999,64600.36489020,105,4.72969300,35005.88671477,0
1577639520000,7401.00000000,7401.02000000,7400.58000000,7401.00000000,8.67329700,1577639579999,64189.81273117,102,3.99639600,29577.03761439,0
1577639580000,7401.00000000,7401.95000000,7398.19000000,7398.52000000,20.03531500,1577639639999,148259.54175436,149,5.13634800,38013.37536497,0
1577639640000,7398.39000000,7400.00000000,7397.52000000,7397.52000000,17.81187100,1577639699999,131784.51187511,138,4.43950400,32846.68105849,0
1577639700000,7398.01000000,7398.01000000,7393.56000000,7393.61000000,13.11995300,1577639759999,97028.29574856,171,3.50829100,25947.97940073,0
1577639760000,7393.62000000,7394.56000000,7390.44000000,7391.11000000,23.38446600,1577639819999,172849.09015128,166,8.57569000,63389.78738304,0
1577639820000,7391.00000000,7391.00000000,7389.00000000,7390.27000000,20.55547900,1577639879999,151905.19815694,169,4.56328900,33722.49785154,0
1577639880000,7390.97000000,7393.87000000,7389.86000000,7391.30000000,20.90948500,1577639939999,154564.72637586,291,15.05878000,111316.69635010,0
1577639940000,7391.29000000,7391.98000000,7388.98000000,7389.98000000,15.08560100,1577639999999,111489.71462422,202,7.29850200,53940.61395753,0
1577640000000,7389.98000000,7390.00000000,7385.00000000,7386.10000000,26.72265200,1577640059999,197422.19692588,348,15.33510400,113303.58179380,0
1577640060000,7386.09000000,7387.99000000,7380.47000000,7387.93000000,69.25715200,1577640119999,511301.32274057,382,42.70628500,315256.75196812,0
1577640120000,7387.04000000,7388.00000000,7382.92000000,7383.12000000,14.21552100,1577640179999,105005.18013107,195,8.39284200,61996.37025507,0
1577640180000,7383.40000000,7386.13000000,7381.00000000,7385.17000000,17.48562700,1577640239999,129106.47144232,188,8.83729200,65253.18025182,0
1577640240000,7384.72000000,7388.00000000,7384.00000000,7386.79000000,13.54514000,1577640299999,100036.12667218,131,6.59770800,48730.58044085,0
1577640300000,7386.89000000,7389.38000000,7386.25000000,7388.49000000,8.89093900,1577640359999,65685.90883166,138,6.19986700,45804.74714583,0
1577640360000,7388.25000000,7390.77000000,7387.98000000,7390.77000000,15.75729900,1577640419999,116432.06322918,254,11.90693200,87982.98490211,0
1577640420000,7390.77000000,7392.00000000,7389.03000000,7392.00000000,10.48365800,1577640479999,77475.49296160,144,7.05034500,52103.02265469,0
1577640480000,7391.76000000,7395.00000000,7390.78000000,7393.87000000,16.80875500,1577640539999,124269.21619626,251,13.96070600,103214.40378659,0
1577640540000,7393.94000000,7396.62000000,7393.94000000,7396.42000000,9.64475600,1577640599999,71328.46368391,132,7.01391500,51872.17555703,0
1577640600000,7396.42000000,7396.61000000,7392.25000000,7392.25000000,10.16199500,1577640659999,75150.33937352,186,5.94358700,43955.92437025,0
1577640660000,7392.34000000,7393.39000000,7390.14000000,7391.00000000,19.90732200,1577640719999,147131.97576886,118,4.87605600,36038.73003760,0
1577640720000,7391.00000000,7391.00000000,7389.70000000,7389.70000000,5.95628500,1577640779999,44019.56667269,72,3.35759900,24813.53830567,0
1577640780000,7389.70000000,7391.00000000,7388.74000000,7390.97000000,9.12101700,1577640839999,67404.96244724,175,6.19230900,45761.75707325,0
1577640840000,7390.97000000,7391.00000000,7389.83000000,7391.00000000,15.43912800,1577640899999,114103.37804362,89,3.98628300,29461.90101858,0
1577640900000,7391.00000000,7392.99000000,7390.99000000,7392.92000000,5.72597600,1577640959999,42324.38165139,66,3.84126900,28392.13597831,0
1577640960000,7392.92000000,7396.67000000,7391.83000000,7396.67000000,6.04142500,1577641019999,44678.83671861,95,3.56350300,26353.33407344,0
1577641020000,7396.67000000,7401.00000000,7396.41000000,7400.69000000,15.86742500,1577641079999,117401.93937597,239,12.72477200,94150.37243386,0
1577641080000,7400.15000000,7403.17000000,7400.14000000,7401.81000000,6.87882100,1577641139999,50911.25309948,124,4.37537800,32383.50306099,0
1577641140000,7403.14000000,7403.57000000,7394.10000000,7397.52000000,15.19612200,1577641199999,112443.26072424,238,7.60673800,56285.49643950,0
1577641200000,7398.42000000,7401.52000000,7397.52000000,7399.31000000,4.07855800,1577641259999,30179.25167895,92,2.88644100,21358.99645663,0
1577641260000,7399.71000000,7401.02000000,7398.13000000,7398.22000000,7.16828200,1577641319999,53037.30739176,106,4.62558200,34224.64293215,0
1577641320000,7398.81000000,7399.66000000,7398.13000000,7399.65000000,5.79193400,1577641379999,42853.90227459,92,3.75492400,27782.92269731,0
1577641380000,7399.65000000,7399.98000000,7398.13000000,7399.78000000,20.99662500,1577641439999,155355.71426356,100,12.02843100,89002.86019990,0
1577641440000,7398.69000000,7401.56000000,7397.92000000,7400.93000000,13.91984800,1577641499999,102996.95884251,135,7.22342700,53449.99164482,0
1577641500000,7401.02000000,7401.56000000,7397.94000000,7400.32000000,6.34802100,1577641559999,46975.18207180,100,4.93619800,36527.40272178,0
1577641560000,7399.54000000,7400.67000000,7396.63000000,7396.63000000,4.11643300,1577641619999,30457.86629773,106,2.26515100,16761.06365117,0
1577641620000,7398.17000000,7399.46000000,7394.00000000,7399.42000000,4.11562600,1577641679999,30441.06037770,98,1.70299900,12597.40898559,0
1577641680000,7398.91000000,7402.08000000,7398.91000000,7402.00000000,7.99094900,1577641739999,59143.37601564,83,2.89654000,21437.40381646,0
1577641740000,7402.01000000,7405.01000000,7402.00000000,7404.34000000,12.42703000,1577641799999,92006.83407664,152,7.61222000,56359.36718230,0
1577641800000,7405.01000000,7407.74000000,7404.37000000,7406.50000000,12.16681000,1577641859999,90107.07093708,161,6.06177400,44896.38637552,0
1577641860000,7405.45000000,7406.45000000,7403.00000000,7404.90000000,10.70993100,1577641919999,79306.31146398,125,6.64282100,49190.48331768,0
1577641920000,7404.87000000,7406.00000000,7402.42000000,7404.41000000,16.35508000,1577641979999,121097.48896434,149,11.04618400,81786.96648235,0
1577641980000,7404.54000000,7406.60000000,7403.00000000,7406.60000000,6.49919700,1577642039999,48123.66410669,103,4.63655200,34332.14322450,0
1577642040000,7405.23000000,7409.00000000,7405.09000000,7408.44000000,13.11745900,1577642099999,97168.45272100,215,7.41231700,54910.66970265,0
1577642100000,7408.38000000,7408.44000000,7403.43000000,7407.74000000,6.92154500,1577642159999,51264.02710322,124,3.30792800,24499.81677544,0
1577642160000,7407.76000000,7410.51000000,7405.53000000,7410.51000000,5.24616400,1577642219999,38863.10028717,100,2.89372200,21437.76747777,0
1577642220000,7410.05000000,7411.78000000,7409.07000000,7410.00000000,7.91931600,1577642279999,58684.32826275,142,3.36329600,24924.33486966,0
1577642280000,7411.06000000,7411.91000000,7410.00000000,7411.02000000,17.98845100,1577642339999,133308.56462202,158,12.76913900,94631.98250278,0
1577642340000,7410.06000000,7411.69000000,7410.00000000,7410.97000000,16.72966000,1577642399999,123969.11074235,100,2.71377500,20111.01813436,0
1577642400000,7410.71000000,7414.00000000,7410.16000000,7411.53000000,9.40617000,1577642459999,69722.98496667,166,7.23502500,53629.40858641,0
1577642460000,7411.92000000,7414.02000000,7410.73000000,7412.74000000,14.41734900,1577642519999,106867.09326600,167,9.01517400,66827.00716271,0
1577642520000,7413.98000000,7415.01000000,7410.93000000,7411.36000000,14.35919300,1577642579999,106447.13860690,160,6.74125600,49981.40468917,0
1577642580000,7411.44000000,7414.00000000,7410.90000000,7411.11000000,18.48916800,1577642639999,137058.59265268,160,2.06834500,15331.88523877,0
1577642640000,7410.91000000,7411.11000000,7407.65000000,7407.86000000,21.44087600,1577642699999,158866.47557138,167,4.74564600,35160.30908697,0
1577642700000,7407.86000000,7412.50000000,7407.86000000,7410.32000000,26.02201000,1577642759999,192836.38444118,189,9.26443000,68644.89369657,0
1577642760000,7409.47000000,7412.51000000,7409.47000000,7412.10000000,2.29190100,1577642819999,16985.43114549,55,1.35256500,10023.76373450,0
1577642820000,7412.11000000,7418.00000000,7412.10000000,7415.89000000,36.94830800,1577642879999,273946.21523259,236,33.95199100,251725.47362285,0
1577642880000,7415.87000000,7419.00000000,7415.75000000,7419.00000000,10.71871100,1577642939999,79505.73410694,178,8.35461300,61971.97608878,0
1577642940000,7419.00000000,7420.00000000,7412.24000000,7413.08000000,21.75327100,1577642999999,161357.99603401,206,6.92983900,51411.20002837,0
1577643000000,7413.06000000,7420.00000000,7412.24000000,7419.29000000,11.83723100,1577643059999,87792.69323676,154,6.06462300,44979.42892981,0
1577643060000,7419.30000000,7419.91000000,7410.88000000,7412.15000000,25.91725300,1577643119999,192191.64749121,216,8.61619500,63897.07833791,0
1577643120000,7411.58000000,7415.01000000,7410.36000000,7412.11000000,8.55335600,1577643179999,63403.13394340,116,3.04204100,22550.37865511,0
1577643180000,7412.12000000,7412.65000000,7406.97000000,7408.04000000,7.97255200,1577643239999,59068.84146135,123,2.53961500,18818.10190834,0
1577643240000,7409.05000000,7409.98000000,7405.72000000,7409.98000000,8.35019300,1577643299999,61855.77451753,163,4.03275000,29875.58389010,0
1577643300000,7410.00000000,7415.74000000,7409.89000000,7414.62000000,13.27324500,1577643359999,98402.25008650,145,10.46539200,77584.75731060,0
1577643360000,7415.53000000,7415.62000000,7408.60000000,7409.25000000,7.95633400,1577643419999,58984.28269545,126,4.18832000,31050.61376994,0
1577643420000,7408.60000000,7410.78000000,7406.00000000,7406.18000000,4.52771600,1577643479999,33542.62515018,92,1.19877800,8881.48605974,0
1577643480000,7406.18000000,7408.80000000,7404.00000000,7408.37000000,10.98587500,1577643539999,81355.95395178,166,5.20159400,38522.70568911,0
1577643540000,7407.44000000,7410.00000000,7404.21000000,7405.12000000,9.85849300,1577643599999,73031.86305895,111,5.59291100,41434.00825367,0
1577643600000,7405.10000000,7408.11000000,7402.18000000,7406.55000000,9.82122500,1577643659999,72723.42819220,146,2.38691800,17674.94041083,0
1577643660000,7406.54000000,7406.55000000,7402.26000000,7404.03000000,6.27056300,1577643719999,46430.02713382,118,1.54651300,11451.27809069,0
1577643720000,7404.11000000,7409.67000000,7403.66000000,7409.67000000,12.89499700,1577643779999,95505.73184260,142,10.85278600,80379.12104942,0
1577643780000,7409.34000000,7410.37000000,7406.50000000,7407.17000000,9.34745600,1577643839999,69249.94898612,165,7.89288500,58474.25985313,0
1577643840000,7406.78000000,7408.97000000,7405.54000000,7405.54000000,3.92537700,1577643899999,29075.78356843,67,1.72615900,12786.06320248,0
1577643900000,7405.54000000,7408.67000000,7405.08000000,7407.83000000,4.04693900,1577643959999,29975.09824776,80,1.44663300,10714.81818346,0
1577643960000,7408.24000000,7408.50000000,7403.66000000,7406.17000000,9.35660000,1577644019999,69302.64682890,141,3.68015400,27259.61536016,0
1577644020000,7405.55000000,7407.23000000,7405.50000000,7407.22000000,10.82023100,1577644079999,80145.73302280,63,7.54201000,55864.58890377,0
1577644080000,7406.64000000,7407.23000000,7406.64000000,7407.23000000,2.40848500,1577644139999,17839.84723056,52,1.23238300,9128.46245170,0
1577644140000,7407.22000000,7407.23000000,7401.72000000,7403.72000000,10.85719500,1577644199999,80378.54523558,174,1.82086500,13479.76886135,0
1577644200000,7403.65000000,7407.23000000,7402.76000000,7404.86000000,6.85247200,1577644259999,50748.00389554,127,5.52857100,40943.65980377,0
1577644260000,7404.86000000,7406.71000000,7404.53000000,7405.55000000,5.15350100,1577644319999,38166.01186494,87,3.04359100,22540.91493861,0
1577644320000,7405.54000000,7407.50000000,7404.54000000,7405.27000000,5.83559700,1577644379999,43222.31104772,97,4.50798400,33389.51704256,0
1577644380000,7405.85000000,7407.06000000,7404.20000000,7406.40000000,8.06343400,1577644439999,59715.35557807,115,3.90503700,28920.83353128,0
1577644440000,7406.72000000,7410.00000000,7406.40000000,7409.09000000,6.22718900,1577644499999,46133.98288643,124,4.72208100,34983.45295002,0
1577644500000,7409.09000000,7411.87000000,7407.91000000,7411.55000000,10.57782200,1577644559999,78381.32327623,184,8.14164200,60329.73094002,0
1577644560000,7410.43000000,7411.99000000,7409.83000000,7411.99000000,21.12912700,1577644619999,156600.81377979,153,16.61674400,123158.47360222,0
1577644620000,7411.98000000,7412.58000000,7411.98000000,7412.17000000,5.22065900,1577644679999,38695.49901463,75,4.01942700,29791.98951665,0
1577644680000,7412.40000000,7414.53000000,7412.21000000,7413.27000000,4.29921300,1577644739999,31871.42116560,85,2.80772600,20815.01009019,0
1577644740000,7413.67000000,7415.10000000,7411.14000000,7411.95000000,18.02937200,1577644799999,133673.49479492,160,11.42313600,84694.70208797,0
1577644800000,7411.14000000,7411.14000000,7404.34000000,7404.56000000,10.96599700,1577644859999,81222.00412687,187,1.22045400,9040.21661835,0
1577644860000,7404.27000000,7407.17000000,7403.07000000,7406.28000000,8.01108500,1577644919999,59325.92831279,174,1.88977200,13994.42517266,0
1577644920000,7406.07000000,7407.66000000,7406.06000000,7406.61000000,4.13945400,1577644979999,30658.11477824,75,1.85102800,13709.30869695,0
1577644980000,7406.60000000,7406.88000000,7406.00000000,7406.48000000,3.94432500,1577645039999,29213.19295691,66,1.86089100,13782.04192929,0
1577645040000,7406.48000000,7408.17000000,7406.00000000,7407.23000000,7.93581700,1577645099999,58777.58261792,106,3.51457700,26031.03119860,0
1577645100000,7407.81000000,7407.81000000,7406.26000000,7407.01000000,5.22952100,1577645159999,38735.19471932,123,2.37666100,17604.04053704,0
1577645160000,7407.00000000,7407.48000000,7406.50000000,7406.61000000,2.82420700,1577645219999,20918.50083743,71,1.15522200,8556.75715516,0
1577645220000,7406.62000000,7412.41000000,7406.57000000,7411.98000000,11.30933600,1577645279999,83779.50079814,131,4.67261400,34621.91930393,0
1577645280000,7411.27000000,7413.23000000,7411.27000000,7412.83000000,4.71861700,1577645339999,34975.43981404,76,2.90260800,21514.93946583,0
1577645340000,7412.81000000,7415.10000000,7411.73000000,7414.21000000,8.82100400,1577645399999,65394.77984127,154,5.42425500,40214.44236950,0
1577645400000,7414.45000000,7416.53000000,7413.74000000,7416.00000000,3.63881000,1577645459999,26981.33722014,89,3.10520300,23024.79082879,0
1577645460000,7415.61000000,7419.00000000,7415.27000000,7415.38000000,17.36168200,1577645519999,128780.85790236,216,11.52831200,85517.13369046,0
1577645520000,7415.38000000,7416.23000000,7414.45000000,7415.00000000,10.01989500,1577645579999,74299.49592904,145,4.67455800,34661.47466420,0
1577645580000,7415.00000000,7415.00000000,7414.12000000,7414.24000000,14.37522700,1577645639999,106588.88140835,190,7.31326000,54226.86782112,0
1577645640000,7414.24000000,7414.52000000,7408.42000000,7410.97000000,12.55965900,1577645699999,93079.27068776,151,2.65884000,19707.33768101,0
1577645700000,7411.03000000,7413.17000000,7407.40000000,7408.06000000,14.15501700,1577645759999,104885.93154076,127,10.26481300,76057.51703725,0
1577645760000,7408.09000000,7420.00000000,7407.31000000,7418.70000000,50.14510300,1577645819999,371838.81291899,374,33.72288400,250063.88909171,0
1577645820000,7417.86000000,7425.00000000,7416.24000000,7424.71000000,27.41786500,1577645879999,203466.60289508,295,22.54038100,167273.85308658,0
1577645880000,7425.00000000,7425.00000000,7417.77000000,7421.26000000,37.07438200,1577645939999,275199.20689425,269,15.64262200,116121.80244060,0
1577645940000,7421.26000000,7427.99000000,7419.41000000,7425.31000000,30.57278400,1577645999999,226996.16798962,279,20.63322300,153202.20860865,0
1577646000000,7425.57000000,7433.00000000,7424.69000000,7425.16000000,81.72250100,1577646059999,607166.16161506,556,56.06379000,416545.51216585,0
1577646060000,7426.11000000,7426.11000000,7419.03000000,7420.98000000,15.43996200,1577646119999,114603.95135695,203,4.51478400,33510.79350370,0
1577646120000,7420.97000000,7420.98000000,7416.80000000,7418.00000000,19.56850300,1577646179999,145172.21478096,224,5.38138400,39921.87273263,0
1577646180000,7417.69000000,7425.99000000,7417.69000000,7425.19000000,24.60185300,1577646239999,182634.05009554,195,18.00427800,133668.16803563,0
1577646240000,7425.97000000,7425.97000000,7416.67000000,7416.68000000,19.73258400,1577646299999,146434.58916874,241,5.33820500,39621.37320827,0
1577646300000,7416.68000000,7421.37000000,7415.90000000,7419.91000000,23.00291500,1577646359999,170625.92767879,168,18.03805300,133795.93593072,0
1577646360000,7419.91000000,7420.74000000,7417.57000000,7419.00000000,15.23097300,1577646419999,113008.09273547,173,7.55244200,56037.23873284,0
1577646420000,7418.55000000,7422.33000000,7417.03000000,7422.31000000,17.08256700,1577646479999,126736.68205339,170,9.89607700,73414.63279381,0
1577646480000,7422.31000000,7422.31000000,7419.03000000,7419.03000000,7.90324800,1577646539999,58641.68436655,145,2.71183400,20122.46021243,0
1577646540000,7419.01000000,7426.23000000,7418.67000000,7423.42000000,14.43659600,1577646599999,107153.76953130,127,11.92287700,88500.88031734,0
1577646600000,7424.45000000,7425.24000000,7421.55000000,7421.69000000,8.25727600,1577646659999,61296.30014532,160,5.10615500,37906.29279361,0
1577646660000,7421.82000000,7421.91000000,7420.47000000,7420.79000000,5.39730900,1577646719999,40055.24857899,94,2.52428800,18733.99087614,0
1577646720000,7420.60000000,7420.83000000,7418.48000000,7418.48000000,6.75320600,1577646779999,50107.59868899,99,2.98595400,22156.36680620,0
1577646780000,7418.48000000,7421.00000000,7417.01000000,7420.91000000,8.53755000,1577646839999,63331.81474147,176,4.49234400,33325.22129448,0
1577646840000,7420.91000000,7421.00000000,7418.94000000,7419.24000000,6.58080600,1577646899999,48832.74133570,89,2.19939300,16320.32625209,0
1577646900000,7419.23000000,7419.25000000,7413.96000000,7414.09000000,18.94546700,1577646959999,140509.49037806,232,3.57085100,26480.17467424,0
1577646960000,7414.15000000,7415.17000000,7413.88000000,7414.99000000,14.29237700,1577647019999,105969.42938013,243,2.26652000,16805.24766123,0
1577647020000,7414.99000000,7420.00000000,7414.99000000,7420.00000000,4.63188800,1577647079999,34365.74325577,84,3.24601800,24084.48621783,0
1577647080000,7419.93000000,7423.50000000,7418.91000000,7422.61000000,5.44706700,1577647139999,40420.31162752,76,4.36216600,32369.93581047,0
1577647140000,7421.86000000,7426.74000000,7421.03000000,7424.55000000,10.17016800,1577647199999,75498.33795634,161,8.33185000,61852.48649109,0
1577647200000,7424.83000000,7426.80000000,7420.59000000,7420.59000000,9.80394400,1577647259999,72790.64508170,140,3.73697100,27749.45874812,0
1577647260000,7420.59000000,7420.66000000,7417.76000000,7418.47000000,5.43682300,1577647319999,40335.02441595,85,1.51857200,11266.28601035,0
1577647320000,7418.48000000,7419.00000000,7417.48000000,7418.02000000,5.65996500,1577647379999,41986.80766326,106,1.45923200,10825.01308456,0
1577647380000,7418.03000000,7418.98000000,7416.21000000,7418.39000000,9.37778500,1577647439999,69560.48807508,148,1.34470300,9974.57766491,0
1577647440000,7418.42000000,7426.80000000,7417.32000000,7424.32000000,18.04151300,1577647499999,133936.66595272,138,9.76112800,72460.42589600,0
1577647500000,7424.32000000,7424.32000000,7418.83000000,7419.81000000,11.96502700,1577647559999,88792.89596158,135,3.97018300,29460.25347157,0
1577647560000,7420.00000000,7425.00000000,7419.66000000,7424.90000000,6.98500100,1577647619999,51842.24883826,86,4.22760800,31376.09767103,0
1577647620000,7425.00000000,7425.00000000,7422.90000000,7423.73000000,7.64226600,1577647679999,56733.63994417,84,5.88489100,43686.70144304,0
1577647680000,7423.45000000,7423.45000000,7422.27000000,7423.07000000,7.26665200,1577647739999,53938.57370709,87,5.59781400,41551.18978301,0
1577647740000,7423.06000000,7423.38000000,7421.51000000,7423.05000000,5.00919400,1577647799999,37180.31313216,65,2.65843500,19732.97107898,0
1577647800000,7422.95000000,7425.00000000,7422.95000000,7425.00000000,8.25013900,1577647859999,61243.76950566,65,6.41228700,47600.54800154,0
1577647860000,7424.99000000,7427.58000000,7424.32000000,7427.45000000,7.90645300,1577647919999,58706.37660369,121,5.80517000,43105.09258324,0
1577647920000,7426.46000000,7427.58000000,7426.46000000,7427.00000000,5.29173000,1577647979999,39300.63307179,91,2.80520900,20833.62991695,0
1577647980000,7427.42000000,7429.52000000,7426.62000000,7427.55000000,15.55858700,1577648039999,115564.77798041,206,6.87034600,51032.11472068,0
1577648040000,7427.46000000,7429.99000000,7425.00000000,7425.62000000,12.74904200,1577648099999,94693.79294138,165,6.58734400,48930.40193539,0
1577648100000,7425.00000000,7429.58000000,7425.00000000,7427.94000000,10.56983100,1577648159999,78508.57480151,158,3.77024500,28004.37148505,0
1577648160000,7428.94000000,7429.00000000,7427.25000000,7428.34000000,7.80092500,1577648219999,57948.25114511,117,3.96392500,29446.92438838,0
1577648220000,7428.97000000,7432.95000000,7428.34000000,7432.00000000,23.74214000,1577648279999,176418.51215711,190,20.11335500,149451.52015012,0
1577648280000,7432.00000000,7432.00000000,7428.40000000,7429.56000000,16.55814800,1577648339999,123028.99928294,119,8.65743800,64324.22154163,0
1577648340000,7429.32000000,7431.05000000,7429.21000000,7430.29000000,6.29540100,1577648399999,46779.70423747,82,3.31880200,24661.68944824,0
1577648400000,7430.29000000,7448.73000000,7430.27000000,7444.88000000,280.98378000,1577648459999,2091527.92092254,1295,153.39148300,1141546.85568613,0
1577648460000,7443.51000000,7448.78000000,7441.00000000,7443.10000000,77.15276000,1577648519999,574331.30617188,696,34.01361000,253233.26638260,0
1577648520000,7443.09000000,7443.52000000,7440.00000000,7440.06000000,27.66460500,1577648579999,205875.49735493,426,6.82211500,50770.41518911,0
1577648580000,7441.06000000,7441.06000000,7435.35000000,7435.97000000,36.07474200,1577648639999,268316.54973050,426,8.09717000,60223.42757727,0
1577648640000,7435.96000000,7442.71000000,7435.41000000,7442.00000000,20.38245000,1577648699999,151632.01046927,215,11.78688400,87688.34586874,0
1577648700000,7442.02000000,7442.58000000,7435.00000000,7436.42000000,74.28748900,1577648759999,552619.37990441,431,11.67653200,86862.06217238,0
1577648760000,7436.42000000,7442.35000000,7436.42000000,7438.69000000,28.39238700,1577648819999,211207.18478362,230,11.67459500,86855.06506163,0
1577648820000,7438.68000000,7449.00000000,7438.35000000,7445.19000000,37.40604500,1577648879999,278479.96535997,335,20.96152200,156046.94095762,0
1577648880000,7444.99000000,7446.51000000,7440.10000000,7443.08000000,32.92948000,1577648939999,245074.48291833,362,16.00210200,119097.52616418,0
1577648940000,7443.29000000,7443.76000000,7440.11000000,7441.97000000,21.37903000,1577648999999,159094.60436666,271,10.22412500,76085.89667832,0
1577649000000,7441.69000000,7447.08000000,7441.29000000,7446.69000000,14.42071000,1577649059999,107339.78711913,176,7.59391500,56523.57706350,0
1577649060000,7446.84000000,7446.99000000,7442.06000000,7445.01000000,23.14123200,1577649119999,172263.27561009,193,11.50532400,85643.80472273,0
1577649120000,7445.07000000,7459.00000000,7445.01000000,7454.17000000,256.84979800,1577649179999,1914016.27317280,1268,209.13196300,1558341.56130092,0
1577649180000,7456.22000000,7462.85000000,7454.09000000,7462.42000000,88.51524100,1577649239999,660237.42054545,736,56.08566800,418359.45762284,0
1577649240000,7461.62000000,7469.00000000,7461.40000000,7466.98000000,83.45845600,1577649299999,623085.20287668,961,54.57603400,407463.91221836,0
1577649300000,7466.98000000,7476.00000000,7466.00000000,7471.86000000,117.13691300,1577649359999,875334.35583940,1162,62.74250300,468831.58174428,0
1577649360000,7472.00000000,7476.00000000,7460.21000000,7461.53000000,70.39741100,1577649419999,525842.93025846,588,26.52609900,198203.25146297,0
1577649420000,7461.40000000,7469.96000000,7460.36000000,7468.72000000,31.35549900,1577649479999,234057.07424326,286,17.48307200,130502.93642900,0
1577649480000,7468.71000000,7476.01000000,7464.59000000,7474.42000000,47.44161100,1577649539999,354400.09532619,404,23.14861300,172934.38602645,0
1577649540000,7473.19000000,7480.00000000,7471.59000000,7473.05000000,99.12212600,1577649599999,740920.21565396,734,42.55486300,318126.70899198,0
1577649600000,7472.13000000,7475.84000000,7452.69000000,7457.44000000,150.19333400,1577649659999,1121049.27328019,914,59.65139200,445276.40590724,0
1577649660000,7457.51000000,7462.02000000,7454.08000000,7456.00000000,38.26646800,1577649719999,285384.44578890,339,19.90304400,148443.84456445,0
1577649720000,7456.00000000,7465.44000000,7453.36000000,7460.38000000,39.39154200,1577649779999,293753.07285009,348,27.44804700,204692.63629644,0
1577649780000,7460.65000000,7467.62000000,7459.20000000,7459.20000000,47.18190200,1577649839999,352128.09247976,309,23.12747800,172603.53575474,0
1577649840000,7459.98000000,7461.18000000,7455.00000000,7457.20000000,32.22662400,1577649899999,240316.90491365,239,11.64736800,86860.35658159,0
1577649900000,7457.08000000,7464.82000000,7457.01000000,7463.64000000,15.64453000,1577649959999,116720.27728728,148,7.65878700,57145.16610060,0
1577649960000,7464.23000000,7469.04000000,7463.22000000,7467.61000000,20.51077800,1577650019999,153123.89781463,212,13.74037900,102577.60403159,0
1577650020000,7468.00000000,7475.00000000,7467.22000000,7472.64000000,37.43759200,1577650079999,279691.25532953,358,24.36221300,181999.28930380,0
1577650080000,7472.65000000,7478.52000000,7472.02000000,7477.22000000,35.48242600,1577650139999,265232.40967578,543,17.45297400,130462.56664532,0
1577650140000,7477.04000000,7479.68000000,7472.55000000,7473.15000000,55.41240700,1577650199999,414313.07037338,497,34.66428400,259192.13305669,0
1577650200000,7473.00000000,7484.00000000,7472.79000000,7481.26000000,58.56449700,1577650259999,438061.15259403,637,39.59229900,296192.05604315,0
1577650260000,7481.29000000,7487.63000000,7478.38000000,7485.70000000,84.76001900,1577650319999,634337.78360352,701,34.28129300,256571.09395322,0
1577650320000,7485.70000000,7486.89000000,7476.18000000,7481.05000000,80.48866900,1577650379999,602116.93952012,560,30.98872000,231831.30230483,0
1577650380000,7480.64000000,7483.88000000,7478.46000000,7481.28000000,48.53482900,1577650439999,363075.02758593,470,27.68491300,207100.05945260,0
1577650440000,7480.23000000,7485.00000000,7480.00000000,7483.24000000,30.49535900,1577650499999,228185.53082485,378,16.56717200,123969.66469313,0
1577650500000,7484.83000000,7488.00000000,7484.03000000,7488.00000000,46.48715800,1577650559999,348035.21840041,504,33.18323800,248432.34545600,0
1577650560000,7487.59000000,7488.00000000,7485.01000000,7487.12000000,33.66824300,1577650619999,252061.85108379,557,23.46475000,175675.35897189,0
1577650620000,7486.18000000,7487.18000000,7482.31000000,7483.14000000,48.36122800,1577650679999,361951.57359615,499,29.29452100,219253.92387540,0
1577650680000,7483.14000000,7489.39000000,7483.00000000,7489.09000000,39.19641800,1577650739999,293444.67730667,516,26.28458700,196786.07499765,0
1577650740000,7489.00000000,7498.00000000,7488.36000000,7496.43000000,108.78516100,1577650799999,815200.04533175,1048,67.63403800,506789.61258181,0
1577650800000,7496.49000000,7499.00000000,7494.37000000,7498.99000000,57.78803700,1577650859999,433251.80332798,607,41.34928200,310016.72890333,0
1577650860000,7499.00000000,7500.00000000,7496.03000000,7498.10000000,52.61859100,1577650919999,394572.76893799,636,38.31003800,287282.10069048,0
1577650920000,7498.93000000,7503.54000000,7497.30000000,7502.80000000,230.25044600,1577650979999,1726928.72938314,1080,198.70166800,1490308.99835122,0
1577650980000,7502.86000000,7518.00000000,7500.20000000,7508.25000000,145.61557100,1577651039999,1093226.80196644,1224,87.60693100,657770.72439821,0
1577651040000,7507.26000000,7511.33000000,7499.00000000,7511.29000000,82.99642200,1577651099999,622825.66343250,610,43.81767400,328843.24076432,0
1577651100000,7511.28000000,7525.84000000,7508.65000000,7524.00000000,165.25791200,1577651159999,1242353.68811589,1285,94.98507000,714180.65908605,0
1577651160000,7522.68000000,7528.45000000,7502.01000000,7513.81000000,131.68018700,1577651219999,990132.46246774,1085,52.89020800,397822.62649086,0
1577651220000,7513.81000000,7522.93000000,7494.68000000,7503.88000000,93.17751700,1577651279999,699598.26511517,899,43.91968900,329819.87521757,0
1577651280000,7503.80000000,7508.31000000,7490.88000000,7492.01000000,93.93467100,1577651339999,704656.79303192,648,42.32312800,317519.29910749,0
1577651340000,7491.46000000,7493.29000000,7457.93000000,7465.39000000,305.41998800,1577651399999,2282222.08966950,2108,123.95819200,926198.90729429,0
1577651400000,7462.43000000,7493.55000000,7462.43000000,7471.08000000,129.53262800,1577651459999,969092.94488188,966,59.38284000,444215.75790382,0
1577651460000,7474.09000000,7477.75000000,7446.33000000,7456.57000000,186.74863800,1577651519999,1393005.33236038,1115,91.79795400,684619.75978636,0
1577651520000,7454.71000000,7456.81000000,7420.00000000,7450.00000000,257.78032400,1577651579999,1917575.55932157,1951,121.55126400,904322.04622275,0
1577651580000,7450.00000000,7458.21000000,7438.57000000,7439.93000000,116.38134700,1577651639999,867028.22988154,774,38.10931700,283885.38854748,0
1577651640000,7440.66000000,7450.00000000,7438.50000000,7449.11000000,56.54566100,1577651699999,420989.22156238,441,29.22282800,217574.06590007,0
1577651700000,7448.63000000,7454.19000000,7444.14000000,7453.35000000,33.26813800,1577651759999,247815.85727968,323,20.97898100,156282.57414109,0
1577651760000,7452.63000000,7453.34000000,7440.53000000,7440.84000000,63.00837900,1577651819999,469018.90894446,344,30.14511500,224363.62709150,0
1577651820000,7440.57000000,7441.13000000,7439.21000000,7441.13000000,43.93834300,1577651879999,326926.57390031,421,21.67462100,161277.38732629,0
1577651880000,7441.13000000,7441.13000000,7400.55000000,7416.22000000,285.09912300,1577651939999,2114815.72670681,1689,135.92609200,1008317.96386735,0
1577651940000,7415.35000000,7415.35000000,7400.00000000,7410.06000000,194.03218400,1577651999999,1436833.49798486,992,97.72476400,723724.57284623,0
1577652000000,7410.06000000,7423.98000000,7410.06000000,7418.74000000,105.47794800,1577652059999,782252.95079155,516,74.39627200,551637.51886153,0
1577652060000,7418.60000000,7418.64000000,7408.43000000,7414.04000000,51.05931400,1577652119999,378514.12747949,487,19.72015800,146205.06620983,0
1577652120000,7413.48000000,7413.72000000,7406.06000000,7410.32000000,78.46027700,1577652179999,581380.61731640,574,34.62069800,256531.33491691,0
1577652180000,7410.43000000,7414.39000000,7408.98000000,7409.77000000,46.33496400,1577652239999,343412.89437390,559,11.61627100,86095.85153824,0
1577652240000,7409.77000000,7418.11000000,7409.22000000,7418.11000000,40.07737100,1577652299999,297068.08823723,359,22.22389200,164741.59199210,0
1577652300000,7416.58000000,7433.04000000,7416.58000000,7430.86000000,86.28799900,1577652359999,640698.38586974,595,38.69012100,287287.80513061,0
1577652360000,7430.12000000,7431.22000000,7416.00000000,7418.09000000,78.20756000,1577652419999,580456.65821692,619,22.75276800,168858.50328841,0
1577652420000,7418.09000000,7422.49000000,7410.00000000,7410.00000000,65.30152500,1577652479999,484235.98831970,745,21.24316000,157528.74743463,0
1577652480000,7410.00000000,7413.40000000,7405.58000000,7406.01000000,87.73839100,1577652539999,649945.13628570,693,50.38057400,373188.01066773,0
1577652540000,7406.00000000,7406.00000000,7370.00000000,7374.72000000,297.71545000,1577652599999,2199309.83222969,2267,118.54655000,875794.79210719,0
1577652600000,7374.72000000,7386.52000000,7355.00000000,7356.09000000,250.87149900,1577652659999,1849112.78393028,1708,79.70243300,587829.55828744,0
1577652660000,7358.85000000,7385.20000000,7345.80000000,7383.63000000,286.76559100,1577652719999,2111313.31679481,1584,134.69786400,992100.39174101,0
1577652720000,7383.86000000,7390.00000000,7375.81000000,7378.51000000,54.29174600,1577652779999,400883.36884935,475,24.42832000,180382.00112716,0
1577652780000,7378.94000000,7384.52000000,7372.08000000,7376.17000000,43.34614100,1577652839999,319831.56266143,387,16.15544600,119215.79009470,0
1577652840000,7376.19000000,7385.19000000,7374.59000000,7384.42000000,43.07162100,1577652899999,317846.33974214,355,20.94241800,154548.29245950,0
1577652900000,7384.42000000,7385.19000000,7370.62000000,7384.36000000,46.68223100,1577652959999,344402.76894945,428,28.43116700,209731.10108965,0
1577652960000,7384.31000000,7390.00000000,7382.14000000,7385.00000000,45.11802700,1577653019999,333304.28943853,404,26.45781800,195466.76740086,0
1577653020000,7385.00000000,7402.06000000,7384.93000000,7392.30000000,60.87899500,1577653079999,450188.87551234,454,27.21761000,201251.44769180,0
1577653080000,7393.02000000,7393.18000000,7384.45000000,7391.10000000,40.73539700,1577653139999,301033.25377772,272,13.66603600,100990.14188818,0
1577653140000,7391.13000000,7398.72000000,7391.01000000,7397.54000000,31.47780200,1577653199999,232763.72720814,281,19.97640400,147720.30362412,0
1577653200000,7397.70000000,7397.70000000,7381.23000000,7387.56000000,60.06435400,1577653259999,443752.93355957,396,24.74372300,182769.98904097,0
1577653260000,7387.56000000,7394.92000000,7386.71000000,7388.67000000,37.51911000,1577653319999,277250.64860064,226,25.97618000,191954.65668565,0
1577653320000,7389.03000000,7393.17000000,7379.56000000,7383.09000000,41.43355600,1577653379999,306045.95532732,332,18.49423200,136603.02379662,0
1577653380000,7383.05000000,7383.05000000,7371.01000000,7375.00000000,59.24543900,1577653439999,436971.01390314,556,19.04580200,140463.00935363,0
1577653440000,7375.00000000,7383.01000000,7371.50000000,7382.78000000,38.06092400,1577653499999,280768.06724095,333,23.59611300,174070.59105351,0
1577653500000,7382.78000000,7384.70000000,7381.15000000,7384.58000000,14.12211500,1577653559999,104258.46140320,133,8.51808100,62885.41365680,0
1577653560000,7384.63000000,7386.65000000,7375.15000000,7375.98000000,49.61176400,1577653619999,366205.63497871,199,23.91427000,176516.06680251,0
1577653620000,7375.53000000,7378.13000000,7371.50000000,7373.26000000,34.48241700,1577653679999,254312.46856553,217,12.78853900,94324.93461721,0
1577653680000,7373.19000000,7379.71000000,7370.00000000,7378.34000000,36.97459700,1577653739999,272662.70945623,322,19.37335200,142888.05888035,0
1577653740000,7378.83000000,7379.73000000,7373.40000000,7373.40000000,18.79155000,1577653799999,138624.74293299,171,7.48942100,55256.07664277,0
1577653800000,7373.40000000,7377.19000000,7370.00000000,7375.34000000,53.08765100,1577653859999,391484.06208091,220,39.17726700,288909.78435553,0
1577653860000,7375.38000000,7376.25000000,7368.78000000,7369.38000000,54.74749200,1577653919999,403694.35895050,303,15.05329500,111017.79574931,0
1577653920000,7369.38000000,7369.38000000,7359.99000000,7368.67000000,54.21337500,1577653979999,399298.89143781,407,15.17753200,111778.88313474,0
1577653980000,7368.67000000,7383.59000000,7367.92000000,7380.17000000,40.17539600,1577654039999,296323.07547186,330,22.69172900,167348.90453025,0
1577654040000,7380.19000000,7383.15000000,7372.60000000,7375.57000000,35.87518800,1577654099999,264663.22092746,291,16.72088100,123356.54845967,0
1577654100000,7375.22000000,7379.99000000,7373.00000000,7373.02000000,23.88954700,1577654159999,176231.09370276,192,10.28059000,75837.37992176,0
1577654160000,7373.03000000,7380.00000000,7372.00000000,7380.00000000,15.14903600,1577654219999,111728.64776495,162,11.76867300,86795.52389419,0
1577654220000,7380.00000000,7385.45000000,7378.51000000,7379.34000000,23.45159000,1577654279999,173105.46689884,253,9.99589600,73782.77309621,0
1577654280000,7379.32000000,7384.05000000,7378.98000000,7383.10000000,11.67701200,1577654339999,86192.54483226,114,6.84179800,50502.81225157,0
1577654340000,7383.15000000,7387.51000000,7382.72000000,7386.46000000,14.29467700,1577654399999,105559.47319816,160,9.53893700,70441.14319497,0
1577654400000,7386.63000000,7391.55000000,7382.74000000,7383.99000000,26.61502500,1577654459999,196621.92041484,233,12.04923200,89021.45713810,0
1577654460000,7383.99000000,7383.99000000,7380.00000000,7381.11000000,21.65027000,1577654519999,159826.89983027,228,7.31697600,54014.65957182,0
1577654520000,7381.31000000,7383.80000000,7379.99000000,7380.00000000,27.70296100,1577654579999,204488.49965185,348,9.60107000,70873.47785437,0
1577654580000,7380.00000000,7380.00000000,7364.78000000,7370.50000000,53.73610300,1577654639999,395966.75835829,369,27.13320100,199884.43987329,0
1577654640000,7370.06000000,7376.42000000,7364.36000000,7368.38000000,44.99446700,1577654699999,331620.41539152,262,24.64838600,181620.50924369,0
1577654700000,7368.36000000,7380.22000000,7365.01000000,7378.43000000,22.64225300,1577654759999,166942.47243762,274,14.94273800,110172.63722735,0
1577654760000,7377.26000000,7382.99000000,7376.52000000,7380.56000000,28.74078400,1577654819999,212095.20182661,230,20.16299300,148796.22590608,0
1577654820000,7380.56000000,7381.69000000,7377.19000000,7381.00000000,12.19007900,1577654879999,89948.19798462,169,8.88025000,65525.82907567,0
1577654880000,7381.00000000,7385.00000000,7380.99000000,7383.15000000,6.73589700,1577654939999,49732.05867034,100,5.32193000,39292.84214917,0
1577654940000,7384.11000000,7384.11000000,7375.19000000,7375.27000000,13.29229500,1577654999999,98088.23929217,135,7.17675000,52960.26032303,0
1577655000000,7376.18000000,7376.18000000,7374.12000000,7375.02000000,8.88815500,1577655059999,65551.92507641,147,2.35231900,17349.57472093,0
1577655060000,7375.03000000,7376.67000000,7371.00000000,7371.16000000,11.69552100,1577655119999,86232.56641292,157,5.01593100,36981.86903906,0
1577655120000,7371.02000000,7381.19000000,7370.42000000,7378.80000000,22.95873800,1577655179999,169324.44759640,170,16.19615400,119441.06103596,0
1577655180000,7378.60000000,7385.00000000,7377.01000000,7382.12000000,12.78794300,1577655239999,94406.49542471,128,7.65931300,56539.97975155,0
1577655240000,7381.71000000,7383.07000000,7380.17000000,7382.95000000,5.23699700,1577655299999,38657.00764914,81,1.45449000,10736.28809228,0
1577655300000,7382.95000000,7385.00000000,7378.74000000,7380.85000000,11.39109900,1577655359999,84086.89890948,123,6.53604200,48251.31596055,0
1577655360000,7380.72000000,7383.78000000,7377.78000000,7383.78000000,9.31891500,1577655419999,68776.81891609,123,4.68288800,34563.40293093,0
1577655420000,7383.37000000,7385.00000000,7382.62000000,7383.00000000,16.65832600,1577655479999,122993.08846202,125,13.03672100,96253.88266247,0
1577655480000,7383.00000000,7388.40000000,7383.00000000,7383.27000000,15.52140400,1577655539999,114633.61667100,174,7.62840900,56341.68626714,0
1577655540000,7383.84000000,7384.43000000,7380.05000000,7380.06000000,4.46201300,1577655599999,32940.87575542,82,1.75939200,12987.68524335,0
1577655600000,7380.06000000,7388.24000000,7380.05000000,7388.23000000,9.67732900,1577655659999,71473.23699670,136,8.28868900,61218.93605092,0
1577655660000,7387.87000000,7390.00000000,7383.73000000,7390.00000000,15.09000900,1577655719999,111466.82624291,157,12.51383400,92437.93669575,0
1577655720000,7389.83000000,7393.11000000,7387.84000000,7388.65000000,26.16274300,1577655779999,193379.44925768,204,16.71445300,123538.39913378,0
1577655780000,7388.64000000,7392.79000000,7388.01000000,7389.43000000,22.93908800,1577655839999,169526.47563424,182,15.27925900,112916.65212593,0
1577655840000,7389.37000000,7395.95000000,7389.37000000,7395.91000000,14.33991500,1577655899999,106008.02293816,144,12.06876400,89219.00849340,0
1577655900000,7395.87000000,7406.00000000,7394.45000000,7401.05000000,107.16841200,1577655959999,793029.41020098,550,47.16125000,348981.59409206,0
1577655960000,7401.05000000,7403.56000000,7397.56000000,7397.77000000,23.18218000,1577656019999,171552.43008365,182,6.70564400,49626.60778500,0
1577656020000,7397.20000000,7407.78000000,7394.28000000,7403.03000000,50.90553100,1577656079999,376807.05193869,326,29.44131400,217916.16014525,0
1577656080000,7403.01000000,7404.02000000,7398.49000000,7398.49000000,22.14974800,1577656139999,163928.54526764,202,4.78539100,35417.52379457,0
1577656140000,7398.17000000,7402.70000000,7395.13000000,7399.76000000,22.31731100,1577656199999,165138.63882632,137,18.08416300,133816.14732944,0
1577656200000,7399.76000000,7406.91000000,7399.76000000,7405.83000000,16.88070400,1577656259999,124964.55060538,183,11.63367400,86123.04281301,0
1577656260000,7405.96000000,7408.99000000,7404.31000000,7407.19000000,15.82221300,1577656319999,117194.08246107,215,9.28396600,68769.15523663,0
1577656320000,7407.18000000,7408.96000000,7403.56000000,7404.79000000,14.82120200,1577656379999,109770.30713740,203,9.01976000,66808.28204189,0
1577656380000,7403.56000000,7404.32000000,7395.01000000,7396.25000000,41.06646100,1577656439999,303864.52909350,300,11.47710000,84907.44935491,0
1577656440000,7396.25000000,7401.41000000,7395.89000000,7399.33000000,16.34150600,1577656499999,120909.89686365,153,6.24031100,46167.66346699,0
1577656500000,7399.81000000,7401.41000000,7395.98000000,7396.23000000,13.93311000,1577656559999,103099.04909730,124,3.96388900,29331.92913847,0
1577656560000,7395.98000000,7401.39000000,7395.18000000,7401.39000000,11.06822400,1577656619999,81879.95354869,130,8.61061000,63701.10348229,0
1577656620000,7400.28000000,7400.55000000,7391.67000000,7392.73000000,16.18006300,1577656679999,119664.55944322,192,5.40659900,39985.78760721,0
1577656680000,7392.73000000,7395.73000000,7391.59000000,7395.32000000,11.26634200,1577656739999,83289.67025515,187,8.94922600,66160.70641349,0
1577656740000,7395.07000000,7397.34000000,7393.71000000,7395.59000000,7.83188900,1577656799999,57917.55308684,115,5.73196400,42387.27354032,0
1577656800000,7395.08000000,7396.83000000,7391.46000000,7395.66000000,23.28526800,1577656859999,172183.10294772,215,9.45314700,69905.15438855,0
1577656860000,7393.88000000,7394.74000000,7390.90000000,7390.90000000,17.83304500,1577656919999,131824.15389494,166,8.11877600,60016.93673183,0
1577656920000,7390.91000000,7397.18000000,7390.90000000,7395.09000000,8.60438400,1577656979999,63611.61230536,120,5.83213000,43116.35080546,0
1577656980000,7394.86000000,7395.00000000,7392.14000000,7393.08000000,14.05521000,1577657039999,103922.25742382,212,10.47585800,77458.76467892,0
1577657040000,7393.08000000,7395.68000000,7391.33000000,7395.49000000,15.80046400,1577657099999,116827.94525627,130,12.19853700,90193.93174636,0
1577657100000,7395.30000000,7397.35000000,7394.23000000,7395.26000000,11.31384900,1577657159999,83674.76100847,140,6.32754600,46795.75651958,0
1577657160000,7395.27000000,7399.37000000,7395.27000000,7399.37000000,5.08114600,1577657219999,37586.29540093,77,2.58846000,19147.20373503,0
1577657220000,7399.37000000,7407.80000000,7399.31000000,7405.06000000,26.22392300,1577657279999,194124.81268485,210,21.55794200,159583.56389203,0
1577657280000,7404.85000000,7404.85000000,7401.63000000,7402.39000000,8.26208300,1577657339999,61167.11531055,87,2.28229500,16896.84491846,0
1577657340000,7403.16000000,7404.42000000,7401.81000000,7403.31000000,10.06677600,1577657399999,74522.41000110,116,5.30972000,39307.60294206,0
1577657400000,7403.31000000,7408.00000000,7403.29000000,7407.87000000,6.07396800,1577657459999,44982.50400776,87,5.09441900,37727.24943335,0
1577657460000,7407.71000000,7414.53000000,7407.70000000,7414.52000000,25.21527700,1577657519999,186865.28625333,258,20.61042300,152740.24554614,0
1577657520000,7414.02000000,7419.34000000,7408.74000000,7417.01000000,39.12611300,1577657579999,290128.06937739,406,16.73649500,124090.78184220,0
1577657580000,7417.01000000,7420.90000000,7415.03000000,7415.31000000,33.62489000,1577657639999,249418.57073189,345,19.56562300,145142.17138793,0
1577657640000,7415.31000000,7420.98000000,7415.28000000,7419.15000000,17.70725000,1577657699999,131353.60006789,255,5.50343500,40829.58776321,0
1577657700000,7419.15000000,7421.02000000,7419.14000000,7420.74000000,6.41597200,1577657759999,47605.05068872,95,3.40061600,25230.71381890,0
1577657760000,7421.02000000,7421.12000000,7416.00000000,7416.00000000,16.25638600,1577657819999,120590.88765393,223,4.56587500,33872.27899077,0
1577657820000,7416.12000000,7416.67000000,7412.18000000,7413.51000000,18.65469800,1577657879999,138305.10275516,270,5.19321600,38501.06615975,0
1577657880000,7413.51000000,7415.22000000,7412.11000000,7412.53000000,11.22178100,1577657939999,83196.50661495,204,2.88222900,21368.24568871,0
1577657940000,7412.53000000,7414.00000000,7411.56000000,7411.56000000,8.83175400,1577657999999,65465.41317693,121,4.26072100,31582.92540215,0
1577658000000,7412.47000000,7415.00000000,7409.67000000,7414.41000000,19.78336200,1577658059999,146633.96395629,170,7.27717300,53945.75636245,0
1577658060000,7414.33000000,7419.92000000,7412.51000000,7419.90000000,18.65167100,1577658119999,138305.52566107,257,13.80996900,102407.27575531,0
1577658120000,7419.77000000,7423.13000000,7419.10000000,7421.17000000,12.98870600,1577658179999,96385.28065455,170,3.25968700,24189.48510529,0
1577658180000,7420.04000000,7421.25000000,7419.58000000,7420.99000000,9.88599600,1577658239999,73362.19366852,134,6.55614600,48652.37664651,0
1577658240000,7421.00000000,7422.06000000,7418.00000000,7419.05000000,7.68558700,1577658299999,57029.40409610,152,3.02988400,22483.62286616,0
1577658300000,7418.44000000,7422.91000000,7418.00000000,7420.58000000,10.33557000,1577658359999,76697.92779333,137,7.13859800,52976.89829616,0
1577658360000,7421.37000000,7422.00000000,7420.80000000,7421.23000000,12.20154700,1577658419999,90556.28408266,147,8.72092900,64725.93089337,0
1577658420000,7421.43000000,7423.46000000,7420.87000000,7423.46000000,13.54729500,1577658479999,100553.44435803,163,9.94556100,73819.91035787,0
1577658480000,7423.46000000,7426.63000000,7423.00000000,7426.19000000,18.73704300,1577658539999,139121.68484659,294,9.65377400,71677.46447822,0
1577658540000,7426.23000000,7428.22000000,7423.25000000,7425.77000000,15.30524400,1577658599999,113651.67934369,212,7.27661300,54039.01261516,0
1577658600000,7425.37000000,7427.44000000,7425.00000000,7426.66000000,9.53904800,1577658659999,70840.09256869,163,1.82261400,13535.62201080,0
1577658660000,7426.66000000,7426.66000000,7420.50000000,7420.88000000,10.57985700,1577658719999,78541.98217573,169,3.23643400,24027.41109189,0
1577658720000,7421.45000000,7421.67000000,7417.19000000,7418.53000000,19.02574100,1577658779999,141157.85071148,220,10.26492900,76155.43869993,0
1577658780000,7418.53000000,7420.08000000,7417.51000000,7420.08000000,18.60063700,1577658839999,137987.77113692,163,14.94745400,110888.19646829,0
1577658840000,7420.08000000,7421.52000000,7418.82000000,7418.98000000,8.49280600,1577658899999,63017.11728797,115,4.79866800,35606.89318463,0
1577658900000,7418.98000000,7419.99000000,7416.50000000,7417.00000000,8.54418900,1577658959999,63384.00686250,123,2.07379400,15384.03805799,0
1577658960000,7417.00000000,7417.01000000,7410.00000000,7410.58000000,23.37679100,1577659019999,173334.84715184,206,3.74233700,27742.74700011,0
1577659020000,7410.00000000,7410.93000000,7405.40000000,7407.88000000,13.81573800,1577659079999,102347.34249928,163,6.13126300,45422.29913044,0
1577659080000,7406.25000000,7408.79000000,7403.10000000,7403.10000000,8.47409100,1577659139999,62758.91617972,138,2.34763800,17387.82083832,0
1577659140000,7405.15000000,7406.24000000,7403.16000000,7404.81000000,8.58174700,1577659199999,63539.19283995,138,5.68162900,42067.78074116,0
1577659200000,7404.81000000,7412.20000000,7404.31000000,7412.20000000,13.93139300,1577659259999,103212.93009814,230,11.99793000,88889.62863534,0
1577659260000,7411.33000000,7415.37000000,7411.24000000,7414.87000000,15.24228100,1577659319999,112976.71347013,175,12.66783800,93892.84726854,0
1577659320000,7414.98000000,7418.61000000,7414.98000000,7418.61000000,6.84409000,1577659379999,50757.76697247,112,4.90336500,36365.29414520,0
1577659380000,7417.66000000,7419.99000000,7416.28000000,7418.16000000,10.36025200,1577659439999,76853.37328421,125,6.11728500,45379.79827383,0
1577659440000,7418.07000000,7419.86000000,7416.37000000,7418.42000000,8.07866200,1577659499999,59929.56397840,134,4.45127200,33022.11832983,0
1577659500000,7418.42000000,7424.19000000,7418.20000000,7423.88000000,9.27438100,1577659559999,68836.93116203,171,5.12828300,38062.42509417,0
1577659560000,7422.90000000,7424.46000000,7422.00000000,7423.85000000,7.38900600,1577659619999,54848.78760625,97,4.00060700,29698.42854602,0
1577659620000,7423.07000000,7426.00000000,7422.26000000,7425.52000000,8.72899100,1577659679999,64803.57546588,164,5.41413100,40194.96471216,0
1577659680000,7425.18000000,7426.68000000,7424.70000000,7425.99000000,9.03009500,1577659739999,67051.14090628,143,3.89275600,28906.29316879,0
1577659740000,7426.01000000,7426.01000000,7422.37000000,7423.51000000,12.56190500,1577659799999,93265.30831053,147,3.71035500,27547.53877163,0
1577659800000,7423.51000000,7423.52000000,7420.66000000,7421.08000000,9.55881000,1577659859999,70947.26683723,163,5.42135500,40239.71008135,0
1577659860000,7420.70000000,7422.35000000,7419.11000000,7421.67000000,12.99865600,1577659919999,96456.22581522,163,7.22779300,53634.67911769,0
1577659920000,7421.63000000,7421.63000000,7416.39000000,7417.68000000,15.52877100,1577659979999,115214.61636542,164,6.34314300,47064.10501087,0
1577659980000,7416.04000000,7417.33000000,7413.01000000,7413.02000000,6.45026600,1577660039999,47827.34689551,102,2.87390500,21309.89880131,0
1577660040000,7413.60000000,7416.24000000,7413.60000000,7415.19000000,9.20699000,1577660099999,68271.23480500,141,7.25590200,53804.04533526,0
1577660100000,7415.27000000,7415.43000000,7404.65000000,7405.49000000,16.46263200,1577660159999,122021.84841234,203,6.27271200,46508.31611782,0
1577660160000,7405.58000000,7405.58000000,7395.27000000,7396.94000000,82.76432300,1577660219999,612437.53190104,491,21.90669700,162109.34446933,0
1577660220000,7397.89000000,7397.89000000,7385.40000000,7388.75000000,43.40865100,1577660279999,320791.95881647,379,14.08262600,104061.87250540,0
1577660280000,7388.63000000,7401.15000000,7388.63000000,7395.31000000,28.71948100,1577660339999,212360.98878285,302,20.88956600,154449.58735150,0
1577660340000,7395.31000000,7399.96000000,7394.44000000,7399.81000000,20.36198800,1577660399999,150617.52198318,272,15.92811000,117818.78797599,0
1577660400000,7398.48000000,7398.58000000,7393.60000000,7396.82000000,16.46910600,1577660459999,121811.63843837,259,11.00348100,81388.66920092,0
1577660460000,7396.95000000,7397.67000000,7393.01000000,7396.35000000,12.19776000,1577660519999,90206.27001193,180,4.39392000,32494.01876508,0
1577660520000,7396.96000000,7401.13000000,7395.07000000,7401.11000000,13.11031400,1577660579999,97007.11621106,205,9.80127100,72523.24488615,0
1577660580000,7401.10000000,7408.16000000,7400.75000000,7406.95000000,29.40981000,1577660639999,217763.42390110,313,22.95520800,169972.57319858,0
1577660640000,7406.97000000,7410.80000000,7406.95000000,7409.03000000,18.87284900,1577660699999,139820.68858984,247,10.15938500,75266.86767683,0
1577660700000,7408.97000000,7410.65000000,7407.63000000,7410.60000000,9.76226800,1577660759999,72336.47337429,107,6.02365800,44634.76104195,0
1577660760000,7410.60000000,7410.60000000,7403.46000000,7404.40000000,14.48252100,1577660819999,107281.35142793,163,3.03370700,22472.59903348,0
1577660820000,7404.39000000,7404.59000000,7402.03000000,7403.22000000,15.18540100,1577660879999,112425.77520911,218,3.29255300,24376.77294518,0
1577660880000,7403.23000000,7403.74000000,7398.85000000,7399.86000000,9.02525100,1577660939999,66787.85994804,106,2.05096300,15179.43382449,0
1577660940000,7400.00000000,7402.98000000,7399.38000000,7401.96000000,4.59535400,1577660999999,34009.37943327,83,3.12557600,23131.89485599,0
1577661000000,7402.92000000,7410.82000000,7401.66000000,7410.07000000,11.85583800,1577661059999,87818.62732943,174,10.12791000,75022.74306786,0
1577661060000,7410.54000000,7412.09000000,7407.10000000,7408.48000000,7.54423900,1577661119999,55903.92822940,154,4.94927400,36674.95378246,0
1577661120000,7408.46000000,7409.68000000,7403.41000000,7404.85000000,6.44013400,1577661179999,47705.36676558,103,3.19710900,23684.22689997,0
1577661180000,7405.34000000,7405.71000000,7403.37000000,7403.49000000,1.84511500,1577661239999,13661.93042720,56,0.80223800,5939.92146470,0
1577661240000,7403.49000000,7404.67000000,7402.00000000,7402.00000000,5.36022000,1577661299999,39684.10194589,76,3.24013600,23988.28936390,0
1577661300000,7401.94000000,7403.06000000,7401.01000000,7402.04000000,4.63906600,1577661359999,34339.60923845,76,2.53566500,18769.58311353,0
1577661360000,7402.06000000,7411.00000000,7401.81000000,7411.00000000,10.76501000,1577661419999,79732.11347012,125,9.82588800,72778.19184074,0
1577661420000,7410.99000000,7412.64000000,7406.92000000,7408.27000000,8.10979000,1577661479999,60091.18298043,104,4.45550500,33012.82669922,0
1577661480000,7408.16000000,7408.84000000,7403.06000000,7403.49000000,4.74049000,1577661539999,35107.72079574,85,1.93790400,14354.82239308,0
1577661540000,7403.48000000,7405.36000000,7402.99000000,7404.54000000,4.58381900,1577661599999,33938.16146029,76,0.93708600,6938.30860473,0
1577661600000,7404.52000000,7413.22000000,7403.48000000,7412.02000000,8.07488300,1577661659999,59818.90585923,113,4.92046300,36449.35534914,0
1577661660000,7411.29000000,7413.51000000,7411.28000000,7412.24000000,5.62260800,1577661719999,41675.76924876,91,3.90683800,28958.69310800,0
1577661720000,7412.13000000,7415.00000000,7407.66000000,7408.12000000,19.33561300,1577661779999,143328.62891362,126,13.25489300,98267.03663260,0
1577661780000,7408.11000000,7410.04000000,7408.04000000,7408.91000000,6.20497000,1577661839999,45972.37569940,100,1.16468300,8629.36579468,0
1577661840000,7408.85000000,7411.99000000,7408.84000000,7411.92000000,10.97671000,1577661899999,81350.09376883,155,8.37232000,62049.35549504,0
1577661900000,7411.92000000,7413.81000000,7408.92000000,7409.98000000,14.29319700,1577661959999,105925.02530690,199,9.73700900,72159.74488456,0
1577661960000,7410.88000000,7414.14000000,7409.44000000,7412.99000000,5.76553000,1577662019999,42728.26387242,97,4.86638900,36065.05560672,0
1577662020000,7413.54000000,7414.33000000,7410.43000000,7413.68000000,27.04054200,1577662079999,200428.42561835,160,7.38636800,54755.88626455,0
1577662080000,7413.36000000,7415.11000000,7409.58000000,7411.69000000,7.97096800,1577662139999,59082.76502274,152,5.67833900,42091.70844971,0
1577662140000,7411.98000000,7412.62000000,7406.42000000,7407.70000000,18.34556200,1577662199999,135930.90006603,163,6.19171500,45874.82806553,0
1577662200000,7408.81000000,7408.81000000,7401.00000000,7401.65000000,12.93661800,1577662259999,95786.32069414,214,1.70300400,12611.20895369,0
1577662260000,7401.01000000,7401.86000000,7399.44000000,7400.61000000,10.37781000,1577662319999,76804.41346634,139,1.88246000,13931.83741772,0
1577662320000,7400.61000000,7400.86000000,7399.44000000,7399.83000000,6.67879400,1577662379999,49427.50085943,89,0.78375100,5800.21192514,0
1577662380000,7399.78000000,7400.52000000,7394.60000000,7395.62000000,8.52145200,1577662439999,63038.47323186,156,1.47333000,10899.52574947,0
1577662440000,7395.62000000,7395.71000000,7394.69000000,7395.33000000,7.24392600,1577662499999,53568.52786360,82,3.61041100,26698.49893327,0
1577662500000,7395.11000000,7395.56000000,7394.60000000,7394.70000000,3.51491300,1577662559999,25992.15740953,101,1.24257300,9188.89410663,0
1577662560000,7394.70000000,7395.51000000,7394.60000000,7395.11000000,3.14491500,1577662619999,23256.63638927,66,1.05205100,7779.97477890,0
1577662620000,7395.07000000,7396.77000000,7394.60000000,7395.86000000,10.50820900,1577662679999,77710.09393766,105,5.44810500,40290.54083963,0
1577662680000,7396.47000000,7400.95000000,7395.83000000,7400.51000000,8.66586400,1577662739999,64104.85763538,158,6.10531600,45164.60138282,0
1577662740000,7400.84000000,7404.17000000,7400.04000000,7402.53000000,21.32401000,1577662799999,157842.61955257,138,8.22463200,60881.68472961,0
1577662800000,7402.48000000,7403.61000000,7402.47000000,7403.59000000,15.25061300,1577662859999,112898.45680530,185,9.38731500,69493.87278647,0
1577662860000,7402.90000000,7405.16000000,7400.81000000,7400.81000000,18.70949300,1577662919999,138506.11792333,109,3.66721400,27151.37805930,0
1577662920000,7400.97000000,7401.87000000,7397.60000000,7398.58000000,9.14825500,1577662979999,67694.43487348,96,1.66776400,12340.70319435,0
1577662980000,7398.72000000,7398.72000000,7393.59000000,7393.59000000,13.87442000,1577663039999,102622.31875658,133,1.60409300,11863.01315950,0
1577663040000,7393.57000000,7393.59000000,7392.59000000,7393.04000000,5.75765300,1577663099999,42566.76828735,131,3.27503700,24213.09849996,0
1577663100000,7392.59000000,7392.59000000,7383.85000000,7386.03000000,32.19688700,1577663159999,237872.78934669,285,9.19943500,67950.18783620,0
1577663160000,7385.65000000,7393.87000000,7385.50000000,7393.50000000,27.85081200,1577663219999,205807.60985181,236,23.73899200,175422.19197303,0
1577663220000,7393.06000000,7398.03000000,7393.06000000,7397.19000000,14.05913300,1577663279999,103982.50047041,185,11.10322000,82122.48453613,0
1577663280000,7397.12000000,7397.55000000,7393.01000000,7393.01000000,7.95122900,1577663339999,58807.26362583,126,4.56283300,33749.81969148,0
1577663340000,7393.05000000,7396.63000000,7390.39000000,7396.63000000,7.46556000,1577663399999,55191.22989746,100,4.75161200,35128.12953835,0
1577663400000,7396.05000000,7398.63000000,7395.49000000,7397.33000000,10.38016800,1577663459999,76786.23948896,131,7.30215000,54017.23965140,0
1577663460000,7396.91000000,7397.40000000,7391.17000000,7393.36000000,8.34874200,1577663519999,61736.85269555,128,6.26052700,46296.13811270,0
1577663520000,7393.14000000,7393.30000000,7390.27000000,7390.27000000,10.86000200,1577663579999,80280.11992060,122,5.32106900,39335.25138412,0
1577663580000,7390.25000000,7390.77000000,7385.89000000,7385.89000000,10.10653700,1577663639999,74667.22715462,113,3.80222700,28091.32874308,0
1577663640000,7385.46000000,7395.00000000,7385.36000000,7394.44000000,9.19653600,1577663699999,67960.62478663,107,5.94827100,43964.66988404,0
1577663700000,7394.57000000,7394.98000000,7392.80000000,7393.38000000,9.00665500,1577663759999,66592.05576456,114,6.52978800,48277.86535420,0
1577663760000,7392.96000000,7393.98000000,7391.40000000,7393.14000000,6.17139600,1577663819999,45623.66272784,89,2.27324700,16806.70106684,0
1577663820000,7393.14000000,7399.28000000,7392.29000000,7397.90000000,27.50092300,1577663879999,203375.41246370,135,23.59245800,174467.43118283,0
1577663880000,7398.38000000,7400.00000000,7395.16000000,7395.17000000,14.02175000,1577663939999,103741.58229757,113,1.90165600,14069.68918856,0
1577663940000,7395.17000000,7395.25000000,7387.70000000,7388.24000000,17.63454900,1577663999999,130335.89826755,112,7.02819200,51948.10480906,0
